sap,desc,familia,usd,costo,precio,marca
"016700228-0000","1200-TVH","Autoalineantes","10.13541","129.23","258.45","FAG"
"016700228-0030","1200-TVH-C3","Autoalineantes","10.13541","129.23","258.45","FAG"
"016700236-0000","1201-TVH","Autoalineantes","10.39071","132.48","264.96","FAG"
"097243400-0000","1201-TVH>N","Autoalineantes","10.39071","132.48","264.96","FAG"
"016700236-0030","1201-TVH-C3","Autoalineantes","10.39071","132.48","264.96","FAG"
"097243400-0030","1201-TVH-C3>N","Autoalineantes","10.39071","132.48","264.96","FAG"
"016700244-0000","1202-TVH","Autoalineantes","11.003429999999998","140.29","280.59","FAG"
"097243639-0000","1202-TVH>N","Autoalineantes","11.003429999999998","140.29","280.59","FAG"
"016700244-0030","1202-TVH-C3","Autoalineantes","11.003429999999998","140.29","280.59","FAG"
"097243639-0030","1202-TVH-C3>N","Autoalineantes","11.003429999999998","140.29","280.59","FAG"
"016700252-0000","1203-TVH","Autoalineantes","11.922509999999999","152.01","304.02","FAG"
"097244139-0000","1203-TVH>N","Autoalineantes","11.922509999999999","152.01","304.02","FAG"
"016700252-0030","1203-TVH-C3","Autoalineantes","11.922509999999999","152.01","304.02","FAG"
"097244139-0030","1203-TVH-C3>N","Autoalineantes","11.922509999999999","152.01","304.02","FAG"
"038902885-0030","1204-K-TVH-C3","Autoalineantes","13.671315","174.31","348.62","FAG"
"016700260-0000","1204-TVH","Autoalineantes","13.671315","174.31","348.62","FAG"
"096891742-0000","1204-TVH>N","Autoalineantes","13.671315","174.31","348.62","FAG"
"016700260-0030","1204-TVH-C3","Autoalineantes","13.671315","174.31","348.62","FAG"
"038902907-0030","1205-K-TVH-C3","Autoalineantes","14.462745","184.4","368.8","FAG"
"016700287-0000","1205-TVH","Autoalineantes","14.462745","184.4","368.8","FAG"
"096891750-0000","1205-TVH>N","Autoalineantes","14.462745","184.4","368.8","FAG"
"016700287-0030","1205-TVH-C3","Autoalineantes","14.462745","184.4","368.8","FAG"
"096891750-0030","1205-TVH-C3>N","Autoalineantes","14.462745","184.4","368.8","FAG"
"038527316-0030","1206-K-TVH-C3","Autoalineantes","17.449755","222.48","444.97","FAG"
"016700309-0000","1206-TVH","Autoalineantes","17.449755","222.48","444.97","FAG"
"096891769-0000","1206-TVH>N","Autoalineantes","17.449755","222.48","444.97","FAG"
"016700309-0030","1206-TVH-C3","Autoalineantes","17.449755","222.48","444.97","FAG"
"096891769-0030","1206-TVH-C3>N","Autoalineantes","17.449755","222.48","444.97","FAG"
"016700309-0040","1206-TVH-C4","Autoalineantes","20.730359999999997","264.31","528.62","FAG"
"038902940-0030","1207-K-TVH-C3","Autoalineantes","20.002755","255.04","510.07","FAG"
"016700325-0000","1207-TVH","Autoalineantes","20.002755","255.04","510.07","FAG"
"016700325-0030","1207-TVH-C3","Autoalineantes","20.002755","255.04","510.07","FAG"
"038527332-0030","1208-K-TVH-C3","Autoalineantes","23.500365000000002","299.63","599.26","FAG"
"016700341-0000","1208-TVH","Autoalineantes","23.500365000000002","299.63","599.26","FAG"
"016700341-0030","1208-TVH-C3","Autoalineantes","23.500365000000002","299.63","599.26","FAG"
"038527340-0030","1209-K-TVH-C3","Autoalineantes","26.334194999999998","335.76","671.52","FAG"
"016700368-0000","1209-TVH","Autoalineantes","26.334194999999998","335.76","671.52","FAG"
"016700368-0030","1209-TVH-C3","Autoalineantes","26.334194999999998","335.76","671.52","FAG"
"038902966-0030","1210-K-TVH-C3","Autoalineantes","30.087105","383.61","767.22","FAG"
"016700384-0000","1210-TVH","Autoalineantes","30.087105","383.61","767.22","FAG"
"016700384-0030","1210-TVH-C3","Autoalineantes","30.087105","383.61","767.22","FAG"
"039056244-0000","1211-K-TVH","Autoalineantes","37.133385","473.45","946.9","FAG"
"039056244-0030","1211-K-TVH-C3","Autoalineantes","37.133385","473.45","946.9","FAG"
"016700406-0000","1211-TVH","Autoalineantes","37.133385","473.45","946.9","FAG"
"016700406-0030","1211-TVH-C3","Autoalineantes","37.133385","473.45","946.9","FAG"
"097258857-0030","1211-TVH-C3>N","Autoalineantes","37.133385","473.45","946.9","FAG"
"038903008-0030","1212-K-TVH-C3","Autoalineantes","41.51178000000001","529.28","1058.55","FAG"
"016700422-0000","1212-TVH","Autoalineantes","41.51178000000001","529.28","1058.55","FAG"
"097259110-0000","1212-TVH>N","Autoalineantes","41.51178000000001","529.28","1058.55","FAG"
"016700422-0030","1212-TVH-C3","Autoalineantes","41.51178000000001","529.28","1058.55","FAG"
"097259110-0030","1212-TVH-C3>N","Autoalineantes","41.51178000000001","529.28","1058.55","FAG"
"038903016-0000","1213-K-TVH","Autoalineantes","49.97497499999999","637.18","1274.36","FAG"
"038903016-0030","1213-K-TVH-C3","Autoalineantes","49.97497499999999","637.18","1274.36","FAG"
"019000014-0000","1213-TVH","Autoalineantes","49.97497499999999","637.18","1274.36","FAG"
"019000014-0030","1213-TVH-C3","Autoalineantes","49.97497499999999","637.18","1274.36","FAG"
"038903024-0030","1214-K-TVH-C3","Autoalineantes","55.770284999999994","711.07","1422.14","FAG"
"016700449-0000","1214-TVH","Autoalineantes","55.770284999999994","711.07","1422.14","FAG"
"097259209-0000","1214-TVH>N","Autoalineantes","55.770284999999994","711.07","1422.14","FAG"
"016700449-0030","1214-TVH-C3","Autoalineantes","55.770284999999994","711.07","1422.14","FAG"
"097259209-0030","1214-TVH-C3>N","Autoalineantes","55.770284999999994","711.07","1422.14","FAG"
"038903270-0030","1215-K-TVH-C3","Autoalineantes","66.926895","853.32","1706.64","FAG"
"016700465-0000","1215-TVH","Autoalineantes","66.926895","853.32","1706.64","FAG"
"016700465-0030","1215-TVH-C3","Autoalineantes","66.926895","853.32","1706.64","FAG"
"038903300-0030","1216-K-TVH-C3","Autoalineantes","79.079175","1008.26","2016.52","FAG"
"016700490-0000","1216-TVH","Autoalineantes","79.079175","1008.26","2016.52","FAG"
"016700490-0030","1216-TVH-C3","Autoalineantes","79.079175","1008.26","2016.52","FAG"
"097259420-0030","1216-TVH-C3>N","Autoalineantes","79.079175","1008.26","2016.52","FAG"
"038903326-0030","1217-K-TVH-C3","Autoalineantes","98.78833499999998","1259.55","2519.1","FAG"
"016700511-0000","1217-TVH","Autoalineantes","98.78833499999998","1259.55","2519.1","FAG"
"016700511-0030","1217-TVH-C3","Autoalineantes","98.78833499999998","1259.55","2519.1","FAG"
"097259446-0030","1217-TVH-C3>N","Autoalineantes","98.78833499999998","1259.55","2519.1","FAG"
"038436922-0000","1218-K-TVH","Autoalineantes","119.09745","1518.49","3036.98","FAG"
"038436922-0030","1218-K-TVH-C3","Autoalineantes","119.09745","1518.49","3036.98","FAG"
"019005733-0000","1218-TVH","Autoalineantes","119.09745","1518.49","3036.98","FAG"
"019005733-0030","1218-TVH-C3","Autoalineantes","119.09745","1518.49","3036.98","FAG"
"019005733-0050","1218-TVH-C5","Autoalineantes","129.449865","1650.49","3300.97","FAG"
"038436930-0030","1219-K-M-C3","Autoalineantes","162.49845","2071.86","4143.71","FAG"
"019005741-0000","1219-M","Autoalineantes","162.49845","2071.86","4143.71","FAG"
"038903393-0030","1220-K-M-C3","Autoalineantes","184.824435","2356.51","4713.02","FAG"
"016700554-0000","1220-M","Autoalineantes","184.824435","2356.51","4713.02","FAG"
"016700554-0030","1220-M-C3","Autoalineantes","184.824435","2356.51","4713.02","FAG"
"019010052-0000","1221-M","Autoalineantes","218.63891999999998","2787.65","5575.29","FAG"
"038436965-0030","1222-K-M-C3","Autoalineantes","243.90085500000004","3109.74","6219.47","FAG"
"019000022-0000","1222-M","Autoalineantes","243.90085500000004","3109.74","6219.47","FAG"
"019000022-0030","1222-M-C3","Autoalineantes","243.90085500000004","3109.74","6219.47","FAG"
"016700570-0000","1224-M","Autoalineantes","485.414655","6189.04","12378.07","FAG"
"016700570-0030","1224-M-C3","Autoalineantes","485.414655","6189.04","12378.07","FAG"
"016702590-0000","2200-2RS-TVH","Autoalineantes","17.781645","226.72","453.43","FAG"
"016702603-0000","2200-TVH","Autoalineantes","15.815835","201.65","403.3","FAG"
"016702603-0030","2200-TVH-C3","Autoalineantes","15.815835","201.65","403.3","FAG"
"016702611-0000","2201-2RS-TVH","Autoalineantes","18.241184999999998","232.58","465.15","FAG"
"096713658-0000","2201-2RS-TVH>N","Autoalineantes","18.241184999999998","232.58","465.15","FAG"
"016702620-0000","2201-TVH","Autoalineantes","16.23708","207.02","414.05","FAG"
"097244031-0000","2201-TVH>N","Autoalineantes","16.23708","207.02","414.05","FAG"
"016702620-0030","2201-TVH-C3","Autoalineantes","16.23708","207.02","414.05","FAG"
"097244031-0030","2201-TVH-C3>N","Autoalineantes","16.23708","207.02","414.05","FAG"
"016702638-0000","2202-2RS-TVH","Autoalineantes","18.815610000000003","239.9","479.8","FAG"
"096996536-0000","2202-2RS-TVH>N","Autoalineantes","18.815610000000003","239.9","479.8","FAG"
"016702638-0030","2202-2RS-TVH-C3","Autoalineantes","18.815610000000003","239.9","479.8","FAG"
"016702654-0000","2202-TVH","Autoalineantes","15.943484999999999","203.28","406.56","FAG"
"097247154-0000","2202-TVH>N","Autoalineantes","15.943484999999999","203.28","406.56","FAG"
"016702654-0030","2202-TVH-C3","Autoalineantes","15.943484999999999","203.28","406.56","FAG"
"097247154-0030","2202-TVH-C3>N","Autoalineantes","15.943484999999999","203.28","406.56","FAG"
"016702662-0000","2203-2RS-TVH","Autoalineantes","20.564415","262.2","524.39","FAG"
"096996544-0000","2203-2RS-TVH>N","Autoalineantes","20.564415","262.2","524.39","FAG"
"016702670-0000","2203-TVH","Autoalineantes","16.23708","207.02","414.05","FAG"
"097247162-0000","2203-TVH>N","Autoalineantes","16.23708","207.02","414.05","FAG"
"016702670-0030","2203-TVH-C3","Autoalineantes","16.23708","207.02","414.05","FAG"
"097247162-0030","2203-TVH-C3>N","Autoalineantes","16.23708","207.02","414.05","FAG"
"016702689-0000","2204-2RS-TVH","Autoalineantes","22.325984999999996","284.66","569.31","FAG"
"096996552-0000","2204-2RS-TVH>N","Autoalineantes","22.325984999999996","284.66","569.31","FAG"
"016702700-0000","2204-TVH","Autoalineantes","17.66676","225.25","450.5","FAG"
"097247170-0000","2204-TVH>N","Autoalineantes","17.66676","225.25","450.5","FAG"
"016702700-0030","2204-TVH-C3","Autoalineantes","17.66676","225.25","450.5","FAG"
"097247170-0030","2204-TVH-C3>N","Autoalineantes","17.66676","225.25","450.5","FAG"
"016702719-0000","2205-2RS-TVH","Autoalineantes","23.500365000000002","299.63","599.26","FAG"
"096996560-0000","2205-2RS-TVH>N","Autoalineantes","23.500365000000002","299.63","599.26","FAG"
"016702719-0030","2205-2RS-TVH-C3","Autoalineantes","23.500365000000002","299.63","599.26","FAG"
"038903962-0030","2205-K-2RS-TVH-C3","Autoalineantes","23.500365000000002","299.63","599.26","FAG"
"038904004-0030","2205-K-TVH-C3","Autoalineantes","19.696395","251.13","502.26","FAG"
"016702743-0000","2205-TVH","Autoalineantes","19.696395","251.13","502.26","FAG"
"097247197-0000","2205-TVH>N","Autoalineantes","19.696395","251.13","502.26","FAG"
"016702743-0030","2205-TVH-C3","Autoalineantes","19.696395","251.13","502.26","FAG"
"097247197-0030","2205-TVH-C3>N","Autoalineantes","19.696395","251.13","502.26","FAG"
"016702760-0000","2206-2RS-TVH","Autoalineantes","26.768205","341.29","682.59","FAG"
"096996579-0000","2206-2RS-TVH>N","Autoalineantes","26.768205","341.29","682.59","FAG"
"038472562-0030","2206-K-2RS-TVH-C3","Autoalineantes","26.768205","341.29","682.59","FAG"
"038904136-0030","2206-K-TVH-C3","Autoalineantes","21.764325000000003","277.5","554.99","FAG"
"016702794-0000","2206-TVH","Autoalineantes","21.764325000000003","277.5","554.99","FAG"
"097247200-0000","2206-TVH>N","Autoalineantes","21.764325000000003","277.5","554.99","FAG"
"016702794-0030","2206-TVH-C3","Autoalineantes","21.764325000000003","277.5","554.99","FAG"
"097247200-0030","2206-TVH-C3>N","Autoalineantes","21.764325000000003","277.5","554.99","FAG"
"016702808-0000","2207-2RS-TVH","Autoalineantes","33.59748","428.37","856.74","FAG"
"016702808-0030","2207-2RS-TVH-C3","Autoalineantes","33.59748","428.37","856.74","FAG"
"038904233-0030","2207-K-2RS-TVH-C3","Autoalineantes","33.59748","428.37","856.74","FAG"
"038904241-0030","2207-K-TVH-C3","Autoalineantes","26.104425","332.83","665.66","FAG"
"016702832-0000","2207-TVH","Autoalineantes","26.104425","332.83","665.66","FAG"
"016702832-0030","2207-TVH-C3","Autoalineantes","26.104425","332.83","665.66","FAG"
"016702859-0000","2208-2RS-TVH","Autoalineantes","41.51178000000001","529.28","1058.55","FAG"
"038472570-0030","2208-K-2RS-TVH-C3","Autoalineantes","41.51178000000001","529.28","1058.55","FAG"
"038904268-0030","2208-K-TVH-C3","Autoalineantes","31.567845","402.49","804.98","FAG"
"016702883-0000","2208-TVH","Autoalineantes","31.567845","402.49","804.98","FAG"
"016702883-0030","2208-TVH-C3","Autoalineantes","31.567845","402.49","804.98","FAG"
"016702891-0000","2209-2RS-TVH","Autoalineantes","41.30754","526.67","1053.34","FAG"
"038472589-0030","2209-K-2RS-TVH-C3","Autoalineantes","41.30754","526.67","1053.34","FAG"
"038904284-0030","2209-K-TVH-C3","Autoalineantes","35.94624","458.31","916.63","FAG"
"016702921-0000","2209-TVH","Autoalineantes","35.94624","458.31","916.63","FAG"
"016702921-0030","2209-TVH-C3","Autoalineantes","35.94624","458.31","916.63","FAG"
"016702948-0000","2210-2RS-TVH","Autoalineantes","46.783725","596.49","1192.98","FAG"
"038904306-0030","2210-K-2RS-TVH-C3","Autoalineantes","46.783725","596.49","1192.98","FAG"
"038059088-0030","2210-K-TVH-C3","Autoalineantes","40.28634","513.65","1027.3","FAG"
"016702972-0000","2210-TVH","Autoalineantes","40.28634","513.65","1027.3","FAG"
"016702972-0030","2210-TVH-C3","Autoalineantes","40.28634","513.65","1027.3","FAG"
"016702980-0000","2211-2RS-TVH","Autoalineantes","57.36590999999999","731.42","1462.83","FAG"
"097406597-0000","2211-2RS-TVH>N","Autoalineantes","57.36590999999999","731.42","1462.83","FAG"
"038472597-0030","2211-K-2RS-TVH-C3","Autoalineantes","57.36590999999999","731.42","1462.83","FAG"
"038904365-0030","2211-K-TVH-C3","Autoalineantes","46.451835","592.26","1184.52","FAG"
"016703014-0000","2211-TVH","Autoalineantes","46.451835","592.26","1184.52","FAG"
"016703014-0030","2211-TVH-C3","Autoalineantes","46.451835","592.26","1184.52","FAG"
"097257702-0030","2211-TVH-C3>N","Autoalineantes","46.451835","592.26","1184.52","FAG"
"016703030-0000","2212-2RS-TVH","Autoalineantes","76.245345","972.13","1944.26","FAG"
"097406600-0000","2212-2RS-TVH>N","Autoalineantes","76.245345","972.13","1944.26","FAG"
"016703030-0030","2212-2RS-TVH-C3","Autoalineantes","76.245345","972.13","1944.26","FAG"
"097406600-0030","2212-2RS-TVH-C3>N","Autoalineantes","76.245345","972.13","1944.26","FAG"
"038904381-0030","2212-K-2RS-TVH-C3","Autoalineantes","76.245345","972.13","1944.26","FAG"
"038472600-0030","2212-K-TVH-C3","Autoalineantes","57.97863","739.23","1478.46","FAG"
"016703073-0000","2212-TVH","Autoalineantes","57.97863","739.23","1478.46","FAG"
"097260355-0000","2212-TVH>N","Autoalineantes","57.97863","739.23","1478.46","FAG"
"016703073-0030","2212-TVH-C3","Autoalineantes","57.97863","739.23","1478.46","FAG"
"097260355-0030","2212-TVH-C3>N","Autoalineantes","57.97863","739.23","1478.46","FAG"
"016703090-0000","2213-2RS-TVH","Autoalineantes","102.75825","1310.17","2620.34","FAG"
"097406813-0000","2213-2RS-TVH>N","Autoalineantes","102.75825","1310.17","2620.34","FAG"
"038904624-0030","2213-K-2RS-TVH-C3","Autoalineantes","102.75825","1310.17","2620.34","FAG"
"038904667-0030","2213-K-TVH-C3","Autoalineantes","70.25856","895.8","1791.59","FAG"
"016703120-0000","2213-TVH","Autoalineantes","70.25856","895.8","1791.59","FAG"
"097260312-0000","2213-TVH>N","Autoalineantes","70.25856","895.8","1791.59","FAG"
"016703120-0030","2213-TVH-C3","Autoalineantes","70.25856","895.8","1791.59","FAG"
"097260312-0030","2213-TVH-C3>N","Autoalineantes","70.25856","895.8","1791.59","FAG"
"016703138-0000","2214-2RS-TVH","Autoalineantes","121.382385","1547.63","3095.25","FAG"
"019006039-0000","2214-M","Autoalineantes","86.967945","1108.84","2217.68","FAG"
"019006039-0030","2214-M-C3","Autoalineantes","86.967945","1108.84","2217.68","FAG"
"038438020-0030","2215-K-TVH-C3","Autoalineantes","101.66046","1296.17","2592.34","FAG"
"016703154-0000","2215-TVH","Autoalineantes","101.66046","1296.17","2592.34","FAG"
"016703154-0030","2215-TVH-C3","Autoalineantes","101.66046","1296.17","2592.34","FAG"
"038438038-0000","2216-K-TVH","Autoalineantes","119.12297999999998","1518.82","3037.64","FAG"
"038438038-0030","2216-K-TVH-C3","Autoalineantes","119.12297999999998","1518.82","3037.64","FAG"
"016703170-0000","2216-TVH","Autoalineantes","119.12297999999998","1518.82","3037.64","FAG"
"016703170-0030","2216-TVH-C3","Autoalineantes","119.12297999999998","1518.82","3037.64","FAG"
"097259950-0030","2216-TVH-C3>N","Autoalineantes","119.12297999999998","1518.82","3037.64","FAG"
"038438046-0030","2217-K-M-C3","Autoalineantes","151.11207","1926.68","3853.36","FAG"
"019006047-0000","2217-M","Autoalineantes","151.11207","1926.68","3853.36","FAG"
"019006047-0030","2217-M-C3","Autoalineantes","151.11207","1926.68","3853.36","FAG"
"038438054-0030","2218-K-TVH-C3","Autoalineantes","171.02547","2180.57","4361.15","FAG"
"016703219-0000","2218-TVH","Autoalineantes","171.02547","2180.57","4361.15","FAG"
"016703219-0030","2218-TVH-C3","Autoalineantes","171.02547","2180.57","4361.15","FAG"
"038906007-0030","2219-K-M-C3","Autoalineantes","330.23055","4210.44","8420.88","FAG"
"019006063-0000","2219-M","Autoalineantes","330.23055","4210.44","8420.88","FAG"
"019006063-0030","2219-M-C3","Autoalineantes","330.23055","4210.44","8420.88","FAG"
"038438364-0000","2220-K-M","Autoalineantes","352.224645","4490.86","8981.73","FAG"
"038438364-0030","2220-K-M-C3","Autoalineantes","352.224645","4490.86","8981.73","FAG"
"019006080-0000","2220-M","Autoalineantes","352.224645","4490.86","8981.73","FAG"
"019006080-0030","2220-M-C3","Autoalineantes","352.224645","4490.86","8981.73","FAG"
"038472708-0030","2222-K-M-C3","Autoalineantes","416.48365499999994","5310.17","10620.33","FAG"
"019017928-0000","2222-M","Autoalineantes","416.48365499999994","5310.17","10620.33","FAG"
"019017928-0030","2222-M-C3","Autoalineantes","416.48365499999994","5310.17","10620.33","FAG"
"016710401-0000","30202-A","Cónicos","10.59495","135.09","270.17","FAG"
"094633495-0000","30202-A>A","Cónicos","10.59495","135.09","270.17","FAG"
"016710428-0000","30203-A","Cónicos","12.20334","155.59","311.19","FAG"
"054438764-0000","30203-DY","Cónicos","12.20334","155.59","311.19","FAG"
"016710444-0000","30204-A","Cónicos","11.654445000000003","148.59","297.19","FAG"
"054439469-0000","30204-DY","Cónicos","11.654445000000003","148.59","297.19","FAG"
"016710460-0000","30205-A","Cónicos","12.011865","153.15","306.3","FAG"
"054439493-0000","30205-DY","Cónicos","12.011865","153.15","306.3","FAG"
"078364485-0000","30205-XL","Cónicos","12.011865","153.15","306.3","FAG"
"016710487-0000","30206-A","Cónicos","13.505370000000003","172.19","344.39","FAG"
"016710509-0000","30207-A","Cónicos","15.19035","193.68","387.35","FAG"
"082279705-0000","30207-XL","Cónicos","15.19035","193.68","387.35","FAG"
"016710525-0000","30208-A","Cónicos","17.960355","228.99","457.99","FAG"
"085878987-0000","30208-XL","Cónicos","17.960355","228.99","457.99","FAG"
"016710550-0000","30209-A","Cónicos","22.606815","288.24","576.47","FAG"
"039226328-0000","30209-DY","Cónicos","22.606815","288.24","576.47","FAG"
"016710576-0000","30210-A","Cónicos","24.751335","315.58","631.16","FAG"
"095640100-0000","30210-A>A","Cónicos","24.751335","315.58","631.16","FAG"
"053931866-0000","30210-DY","Cónicos","24.751335","315.58","631.16","FAG"
"016710592-0000","30211-A","Cónicos","33.712365","429.83","859.67","FAG"
"095640614-0000","30211-A>A","Cónicos","33.712365","429.83","859.67","FAG"
"053932234-0000","30211-DY","Cónicos","33.712365","429.83","859.67","FAG"
"016710606-0000","30212-A","Cónicos","38.83113000000001","495.1","990.19","FAG"
"079294677-0000","30212-XL","Cónicos","38.83113000000001","495.1","990.19","FAG"
"016710614-0000","30213-A","Cónicos","49.987739999999995","637.34","1274.69","FAG"
"095642579-0000","30213-A>A","Cónicos","49.987739999999995","637.34","1274.69","FAG"
"016710622-0000","30214-A","Cónicos","49.40055","629.86","1259.71","FAG"
"088383415-0000","30214-XL","Cónicos","49.40055","629.86","1259.71","FAG"
"088390233-0000","30214-XL-P5","Cónicos","69.16077","881.8","1763.6","FAG"
"016710630-0000","30215-A","Cónicos","55.093740000000004","702.45","1404.89","FAG"
"016710649-0000","30216-A","Cónicos","65.05044","829.39","1658.79","FAG"
"016710657-0000","30217-A","Cónicos","77.39419500000001","986.78","1973.55","FAG"
"016710665-0000","30218-A","Cónicos","97.49906999999999","1243.11","2486.23","FAG"
"095657240-0000","30218-A>A","Cónicos","97.49906999999999","1243.11","2486.23","FAG"
"019052626-0000","30218-A-P5","Cónicos","136.45785","1739.84","3479.68","FAG"
"016710681-0000","30219-A","Cónicos","122.556765","1562.6","3125.2","FAG"
"095657258-0000","30219-A>A","Cónicos","122.556765","1562.6","3125.2","FAG"
"016710703-0000","30220-A","Cónicos","156.664845","1997.48","3994.95","FAG"
"016710720-0000","30221-A","Cónicos","173.846535","2216.54","4433.09","FAG"
"016710738-0000","30222-A","Cónicos","219.92818499999998","2804.08","5608.17","FAG"
"093227825-0000","30222-XL","Cónicos","219.92818499999998","2804.08","5608.17","FAG"
"016710746-0000","30224-A","Cónicos","316.34223000000003","4033.36","8066.73","FAG"
"084719133-0000","30224-XL","Cónicos","316.34223000000003","4033.36","8066.73","FAG"
"016710754-0000","30226-A","Cónicos","414.41572499999995","5283.8","10567.6","FAG"
"078465850-0000","30226-XL","Cónicos","414.41572499999995","5283.8","10567.6","FAG"
"016710762-0000","30228-A","Cónicos","564.9278400000001","7202.83","14405.66","FAG"
"078368502-0000","30228-XL","Cónicos","564.9278400000001","7202.83","14405.66","FAG"
"016710800-0000","30302-A","Cónicos","13.888320000000004","177.08","354.15","FAG"
"016710827-0000","30303-A","Cónicos","14.8074","188.79","377.59","FAG"
"016710843-0000","30304-A","Cónicos","15.305235","195.14","390.28","FAG"
"016710851-0000","30305-A","Cónicos","15.790304999999998","201.33","402.65","FAG"
"054441285-0000","30305-DY","Cónicos","15.790304999999998","201.33","402.65","FAG"
"016710878-0000","30306-A","Cónicos","18.91773","241.2","482.4","FAG"
"095642048-0000","30306-A>A","Cónicos","18.91773","241.2","482.4","FAG"
"039226360-0000","30306-DY","Cónicos","18.91773","241.2","482.4","FAG"
"016710894-0000","30307-A","Cónicos","24.802395","316.23","632.46","FAG"
"094633444-0000","30307-A>A","Cónicos","24.802395","316.23","632.46","FAG"
"054441781-0000","30307-DZ","Cónicos","24.802395","316.23","632.46","FAG"
"016710916-0000","30308-A","Cónicos","30.96789","394.84","789.68","FAG"
"054441919-0000","30308-DY","Cónicos","30.96789","394.84","789.68","FAG"
"016710924-0000","30309-A","Cónicos","38.60136","492.17","984.33","FAG"
"095640088-0000","30309-A>A","Cónicos","38.60136","492.17","984.33","FAG"
"039226379-0000","30309-DY","Cónicos","38.60136","492.17","984.33","FAG"
"016710932-0000","30310-A","Cónicos","47.549625","606.26","1212.52","FAG"
"093492570-0000","30310-XL","Cónicos","47.549625","606.26","1212.52","FAG"
"016710940-0000","30311-A","Cónicos","57.62121","734.67","1469.34","FAG"
"054442826-0000","30311-DY","Cónicos","57.62121","734.67","1469.34","FAG"
"088354377-0000","30311-XL","Cónicos","57.62121","734.67","1469.34","FAG"
"016710959-0000","30312-A","Cónicos","65.63763","836.88","1673.76","FAG"
"016710967-0000","30313-A","Cónicos","82.48743","1051.71","2103.43","FAG"
"095657231-0000","30313-A>A","Cónicos","82.48743","1051.71","2103.43","FAG"
"016710975-0000","30314-A","Cónicos","109.97047500000001","1402.12","2804.25","FAG"
"016710983-0000","30315-A","Cónicos","136.08766500000002","1735.12","3470.24","FAG"
"016710991-0000","30316-A","Cónicos","178.83765","2280.18","4560.36","FAG"
"016711009-0000","30317-A","Cónicos","204.20170500000003","2603.57","5207.14","FAG"
"016711017-0000","30318-A","Cónicos","262.47393","3346.54","6693.09","FAG"
"016711025-0000","30319-A","Cónicos","339.714945","4331.37","8662.73","FAG"
"016711033-0000","30320-A","Cónicos","384.35415000000006","4900.52","9801.03","FAG"
"078978769-0000","30321-XL","Cónicos","512.348805","6532.45","13064.89","FAG"
"016711475-0000","32004-X","Cónicos","10.735365000000002","136.88","273.75","FAG"
"085847410-0000","32004-X-XL","Cónicos","10.735365000000002","136.88","273.75","FAG"
"016711491-0000","32005-X","Cónicos","12.522465","159.66","319.32","FAG"
"039226395-0000","32005-XDY","Cónicos","12.522465","159.66","319.32","FAG"
"085585190-0000","32005-X-XL","Cónicos","12.522465","159.66","319.32","FAG"
"016711513-0000","32006-X","Cónicos","15.037169999999998","191.72","383.45","FAG"
"082242836-0000","32006-X-XL","Cónicos","15.037169999999998","191.72","383.45","FAG"
"016711521-0000","32007-CZ","Cónicos","15.905190000000001","202.79","405.58","FAG"
"016711530-0000","32007-X","Cónicos","15.905190000000001","202.79","405.58","FAG"
"039226417-0000","32007-XDY","Cónicos","15.905190000000001","202.79","405.58","FAG"
"092536476-0000","32007-XDY-XL","Cónicos","15.905190000000001","202.79","405.58","FAG"
"019053410-0000","32007-X-P5","Cónicos","41.3586","527.32","1054.64","FAG"
"016711548-0000","32008-XA","Cónicos","17.207220000000003","219.39","438.78","FAG"
"039226425-0000","32008-XDY","Cónicos","17.207220000000003","219.39","438.78","FAG"
"078381630-0000","32008-X-XL","Cónicos","17.207220000000003","219.39","438.78","FAG"
"078955882-0000","32008-X-XL-P5","Cónicos","39.3162","501.28","1002.56","FAG"
"016711564-0000","32009-XA","Cónicos","18.496485","235.83","471.66","FAG"
"039226433-0000","32009-XDY","Cónicos","18.496485","235.83","471.66","FAG"
"079157084-0000","32009-X-XL","Cónicos","18.496485","235.83","471.66","FAG"
"085985171-0000","32009-X-XL-P5","Cónicos","47.00073","599.26","1198.52","FAG"
"016711602-0000","32010-X","Cónicos","24.61092","313.79","627.58","FAG"
"039226441-0000","32010-XDY","Cónicos","24.61092","313.79","627.58","FAG"
"084911441-0000","32010-X-XL","Cónicos","24.61092","313.79","627.58","FAG"
"016711629-0000","32011-X","Cónicos","26.997975000000004","344.22","688.45","FAG"
"039239721-0000","32011-XDY","Cónicos","26.997975000000004","344.22","688.45","FAG"
"019053495-0000","32011-X-P5","Cónicos","50.000505000000004","637.51","1275.01","FAG"
"083121277-0000","32011-X-XL","Cónicos","26.997975000000004","344.22","688.45","FAG"
"083121650-0000","32011-X-XL-P5","Cónicos","50.000505000000004","637.51","1275.01","FAG"
"016711637-0000","32012-X","Cónicos","30.125400000000003","384.1","768.2","FAG"
"039239730-0000","32012-XDY","Cónicos","30.125400000000003","384.1","768.2","FAG"
"079206360-0000","32012-X-XL","Cónicos","30.125400000000003","384.1","768.2","FAG"
"082801258-0000","32012-X-XL-P5","Cónicos","55.821345","711.72","1423.44","FAG"
"016711645-0000","32013-X","Cónicos","38.14182","486.31","972.62","FAG"
"098635662-0000","32013-XDY","Cónicos","38.14182","486.31","972.62","FAG"
"083308822-0000","32013-X-XL","Cónicos","38.14182","486.31","972.62","FAG"
"016711653-0000","32014-X","Cónicos","42.66063000000001","543.92","1087.85","FAG"
"079305083-0000","32014-X-XL","Cónicos","42.66063000000001","543.92","1087.85","FAG"
"016711661-0000","32015-X","Cónicos","49.311195000000005","628.72","1257.44","FAG"
"082345228-0000","32015-X-XL","Cónicos","49.311195000000005","628.72","1257.44","FAG"
"016711688-0000","32016-X","Cónicos","52.38756000000001","667.94","1335.88","FAG"
"082993378-0000","32016-X-XL","Cónicos","52.38756000000001","667.94","1335.88","FAG"
"083241523-4082","32016-X-XL-DF-A150-200","Cónicos","187.14766500000005","2386.13","4772.27","FAG"
"083021396-0000","32016-X-XL-P5","Cónicos","98.686215","1258.25","2516.5","FAG"
"016711696-0000","32017-X","Cónicos","58.48923","745.74","1491.48","FAG"
"079339450-0000","32017-X-XL","Cónicos","58.48923","745.74","1491.48","FAG"
"083642625-4081","32017-X-XL-DF-A170-220","Cónicos","553.962705","7063.02","14126.05","FAG"
"016711718-0000","32018-XA","Cónicos","66.875835","852.67","1705.33","FAG"
"083851763-0000","32018-X-XL","Cónicos","66.875835","852.67","1705.33","FAG"
"016711726-0000","32019-XA","Cónicos","69.122475","881.31","1762.62","FAG"
"085294608-0000","32019-X-XL","Cónicos","69.122475","881.31","1762.62","FAG"
"086874977-4080","32019-X-XL-DF-A170-220","Cónicos","573.30168","7309.6","14619.19","FAG"
"016711769-0000","32020-X","Cónicos","71.062755","906.05","1812.1","FAG"
"078283850-0000","32020-X-XL","Cónicos","71.062755","906.05","1812.1","FAG"
"016711777-0000","32021-X","Cónicos","85.55103","1090.78","2181.55","FAG"
"086507621-0000","32021-X-XL","Cónicos","85.55103","1090.78","2181.55","FAG"
"016711785-0000","32022-X","Cónicos","117.859245","1502.71","3005.41","FAG"
"078172772-0000","32022-X-XL","Cónicos","117.859245","1502.71","3005.41","FAG"
"083704426-0000","32022-X-XL-P5","Cónicos","131.9901","1682.87","3365.75","FAG"
"016711815-0000","32024-X","Cónicos","127.24152000000001","1622.33","3244.66","FAG"
"083328866-0000","32024-X-XL","Cónicos","127.24152000000001","1622.33","3244.66","FAG"
"016711831-0000","32026-X","Cónicos","207.48230999999998","2645.4","5290.8","FAG"
"083692380-0000","32026-X-XL","Cónicos","207.48230999999998","2645.4","5290.8","FAG"
"016711840-0000","32028-X","Cónicos","289.956975","3696.95","7393.9","FAG"
"079343490-0000","32028-X-XL","Cónicos","289.956975","3696.95","7393.9","FAG"
"016711904-0000","32030-X","Cónicos","418.15587","5331.49","10662.97","FAG"
"083210326-0000","32030-X-XL","Cónicos","418.15587","5331.49","10662.97","FAG"
"016711912-0000","32032-X","Cónicos","531.164415","6772.35","13544.69","FAG"
"083952357-0000","32032-X-XL","Cónicos","531.164415","6772.35","13544.69","FAG"
"016712510-0000","32203-A","Cónicos","17.449755","222.48","444.97","FAG"
"054012392-0000","32203-DY","Cónicos","17.449755","222.48","444.97","FAG"
"016712536-0000","32205-A","Cónicos","18.43266","235.02","470.03","FAG"
"019055447-0000","32205-B","Cónicos","23.857785","304.19","608.37","FAG"
"086983725-0000","32205-B-XL","Cónicos","19.07091","243.15","486.31","FAG"
"092989322-0000","32205-XL","Cónicos","18.43266","235.02","470.03","FAG"
"016712552-0000","32206-A","Cónicos","19.42833","247.71","495.42","FAG"
"087301148-0000","32206-XL","Cónicos","19.42833","247.71","495.42","FAG"
"016712579-0000","32207-A","Cónicos","21.39414","272.78","545.55","FAG"
"092366686-0000","32207-XL","Cónicos","21.39414","272.78","545.55","FAG"
"016712595-0000","32208-A","Cónicos","21.981329999999996","280.26","560.52","FAG"
"087766205-0000","32208-XL","Cónicos","21.981329999999996","280.26","560.52","FAG"
"016712617-0000","32209-A","Cónicos","29.38503","374.66","749.32","FAG"
"079176119-0000","32209-XL","Cónicos","29.38503","374.66","749.32","FAG"
"016712633-0000","32210-A","Cónicos","30.597704999999998","390.12","780.24","FAG"
"016712650-0000","32211-A","Cónicos","35.537760000000006","453.11","906.21","FAG"
"079289355-0000","32211-XL","Cónicos","35.537760000000006","453.11","906.21","FAG"
"016712676-0000","32212-A","Cónicos","44.562614999999994","568.17","1136.35","FAG"
"016712684-0000","32213-A","Cónicos","56.587245","721.49","1442.97","FAG"
"095640061-0000","32213-A>B","Cónicos","56.587245","721.49","1442.97","FAG"
"016712692-0000","32214-A","Cónicos","56.229825000000005","716.93","1433.86","FAG"
"016712706-0000","32215-A","Cónicos","71.54782499999999","912.23","1824.47","FAG"
"093749350-0000","32215-XL","Cónicos","71.54782499999999","912.23","1824.47","FAG"
"016712714-0000","32216-A","Cónicos","75.05819999999999","956.99","1913.98","FAG"
"093089686-0000","32216-XL","Cónicos","75.05819999999999","956.99","1913.98","FAG"
"016712722-0000","32217-A","Cónicos","85.62762","1091.75","2183.5","FAG"
"092370390-0000","32217-XL","Cónicos","85.62762","1091.75","2183.5","FAG"
"016712730-0000","32218-A","Cónicos","109.40881499999999","1394.96","2789.92","FAG"
"078333202-0000","32218-XL","Cónicos","109.40881499999999","1394.96","2789.92","FAG"
"016712749-0000","32219-A","Cónicos","155.74576500000003","1985.76","3971.52","FAG"
"039239810-0000","32219-DY","Cónicos","155.74576500000003","1985.76","3971.52","FAG"
"089076311-0000","32219-XL","Cónicos","155.74576500000003","1985.76","3971.52","FAG"
"016712765-0000","32220-A","Cónicos","190.68357","2431.22","4862.43","FAG"
"039252590-4080","32220-A-N11CA-A230-280","Cónicos","367.210755","4681.94","9363.87","FAG"
"088470504-0000","32220-XL","Cónicos","190.68357","2431.22","4862.43","FAG"
"016712773-0000","32221-A","Cónicos","228.51903000000001","2913.62","5827.24","FAG"
"084263750-0000","32221-XL","Cónicos","228.51903000000001","2913.62","5827.24","FAG"
"016712781-0000","32222-A","Cónicos","308.64493500000003","3935.22","7870.45","FAG"
"078360951-0000","32222-XL","Cónicos","308.64493500000003","3935.22","7870.45","FAG"
"016712803-0000","32224-A","Cónicos","455.621145","5809.17","11618.34","FAG"
"092390072-0000","32224-XL","Cónicos","455.621145","5809.17","11618.34","FAG"
"016712889-0000","32303-A","Cónicos","17.168925","218.9","437.81","FAG"
"016712897-0000","32304-A","Cónicos","16.645559999999996","212.23","424.46","FAG"
"016712919-0000","32305-A","Cónicos","21.036720000000003","268.22","536.44","FAG"
"094633452-0000","32305-A>A","Cónicos","21.036720000000003","268.22","536.44","FAG"
"039239829-0000","32305-DY","Cónicos","21.036720000000003","268.22","536.44","FAG"
"016712927-0000","32306-A","Cónicos","24.96834","318.35","636.69","FAG"
"039239837-0000","32306-DY","Cónicos","24.96834","318.35","636.69","FAG"
"016712943-0000","32307-A","Cónicos","28.41489","362.29","724.58","FAG"
"094633460-0000","32307-A>B","Cónicos","28.41489","362.29","724.58","FAG"
"038278855-0000","32307-B","Cónicos","34.376145","438.3","876.59","FAG"
"095642072-0000","32307-B>A","Cónicos","34.376145","438.3","876.59","FAG"
"016712978-0000","32308-A","Cónicos","34.10808","434.88","869.76","FAG"
"092325025-0000","32308-B-XL-W10B","Cónicos","70.960635","904.75","1809.5","FAG"
"016712994-0000","32309-A","Cónicos","47.12838","600.89","1201.77","FAG"
"019006837-0000","32309-BA","Cónicos","77.904795","993.29","1986.57","FAG"
"095642528-0000","32309-BA>A","Cónicos","77.904795","993.29","1986.57","FAG"
"016713001-0000","32310-A","Cónicos","59.84232","762.99","1525.98","FAG"
"095642544-0000","32310-A>A","Cónicos","59.84232","762.99","1525.98","FAG"
"019056559-0000","32310-B","Cónicos","71.79036","915.33","1830.65","FAG"
"039239845-0000","32310-DY","Cónicos","59.84232","762.99","1525.98","FAG"
"016713010-0000","32311-A","Cónicos","73.539165","937.62","1875.25","FAG"
"095642587-0000","32311-A>A","Cónicos","73.539165","937.62","1875.25","FAG"
"016713028-0000","32311-B","Cónicos","109.98324","1402.29","2804.57","FAG"
"095642595-0000","32311-B>A","Cónicos","109.98324","1402.29","2804.57","FAG"
"016713036-0000","32312-A","Cónicos","92.482425","1179.15","2358.3","FAG"
"016713044-0000","32312-BA","Cónicos","138.20665499999998","1762.13","3524.27","FAG"
"094637989-0000","32312-BA>A","Cónicos","113.35319999999999","1445.25","2890.51","FAG"
"016713052-0000","32313-A","Cónicos","129.1818","1647.07","3294.14","FAG"
"016713060-0000","32313-BA","Cónicos","175.250685","2234.45","4468.89","FAG"
"016713079-0000","32314-A","Cónicos","143.09564999999998","1824.47","3648.94","FAG"
"019056583-0000","32314-BA","Cónicos","205.60585500000002","2621.47","5242.95","FAG"
"016713087-0000","32315-A","Cónicos","186.85407000000004","2382.39","4764.78","FAG"
"019056591-0000","32315-B","Cónicos","268.44795","3422.71","6845.42","FAG"
"016713109-0000","32316-A","Cónicos","233.84203499999998","2981.49","5962.97","FAG"
"016713117-0000","32316-B","Cónicos","352.00764","4488.1","8976.19","FAG"
"016713125-0000","32317-A","Cónicos","308.006685","3927.09","7854.17","FAG"
"019056605-0000","32317-B","Cónicos","396.034125","5049.44","10098.87","FAG"
"075376270-0000","32317-B-XL","Cónicos","396.034125","5049.44","10098.87","FAG"
"088478114-0000","32317-XL","Cónicos","308.006685","3927.09","7854.17","FAG"
"016713133-0000","32318-A","Cónicos","426.287175","5435.16","10870.32","FAG"
"016713141-0000","32319-A","Cónicos","502.18786500000004","6402.9","12805.79","FAG"
"039253325-0000","32909","Cónicos","52.298204999999996","666.8","1333.6","FAG"
"019056664-0000","32915","Cónicos","65.05044","829.39","1658.79","FAG"
"039297160-0000","32917","Cónicos","116.88910499999999","1490.34","2980.67","FAG"
"016713222-0000","32919","Cónicos","122.72270999999999","1564.71","3129.43","FAG"
"016713230-0000","32921","Cónicos","132.487935","1689.22","3378.44","FAG"
"019056680-0000","32922","Cónicos","137.53010999999998","1753.51","3507.02","FAG"
"016713249-0000","32924","Cónicos","144.257265","1839.28","3678.56","FAG"
"016713257-0000","32926","Cónicos","168.67671","2150.63","4301.26","FAG"
"019002220-0000","32928","Cónicos","242.930715","3097.37","6194.73","FAG"
"019056737-0000","32930","Cónicos","304.21547999999996","3878.75","7757.49","FAG"
"019056745-0000","32932","Cónicos","374.83146","4779.1","9558.2","FAG"
"016713265-0000","32934","Cónicos","380.1672300000001","4847.13","9694.26","FAG"
"019056800-0000","32936","Cónicos","446.123985","5688.08","11376.16","FAG"
"021937001-0000","33009","Cónicos","28.772309999999997","366.85","733.69","FAG"
"092646735-0000","33009-XL","Cónicos","28.772309999999997","366.85","733.69","FAG"
"016713303-0000","33010","Cónicos","31.27425","398.75","797.49","FAG"
"039253627-4080","33010-N11CB-A180-220","Cónicos","110.710845","1411.56","2823.13","FAG"
"093025688-0000","33010-XL","Cónicos","31.27425","398.75","797.49","FAG"
"016713311-0000","33011","Cónicos","38.66518500000001","492.98","985.96","FAG"
"092648738-0000","33011-XL","Cónicos","38.66518500000001","492.98","985.96","FAG"
"016713320-0000","33012","Cónicos","41.42242500000001","528.14","1056.27","FAG"
"092648673-0000","33012-XL","Cónicos","41.42242500000001","528.14","1056.27","FAG"
"016713338-0000","33013","Cónicos","49.375020000000006","629.53","1259.06","FAG"
"066491380-0000","33013-DY","Cónicos","49.375020000000006","629.53","1259.06","FAG"
"067056717-0000","33013-DZ","Cónicos","49.375020000000006","629.53","1259.06","FAG"
"092648711-0000","33013-XL","Cónicos","49.375020000000006","629.53","1259.06","FAG"
"016713346-0000","33014","Cónicos","57.62121","734.67","1469.34","FAG"
"016713354-0000","33015","Cónicos","63.288869999999996","806.93","1613.87","FAG"
"016713362-0000","33016","Cónicos","74.17741500000001","945.76","1891.52","FAG"
"016713370-0000","33017","Cónicos","74.93055000000001","955.36","1910.73","FAG"
"016713389-0000","33018","Cónicos","87.63172500000002","1117.3","2234.61","FAG"
"016713397-0000","33019","Cónicos","88.20615","1124.63","2249.26","FAG"
"016713400-0000","33020","Cónicos","102.06893999999998","1301.38","2602.76","FAG"
"016713419-0000","33021","Cónicos","114.14462999999999","1455.34","2910.69","FAG"
"016713427-0000","33022","Cónicos","143.09564999999998","1824.47","3648.94","FAG"
"038816890-0000","33022-QP41","Cónicos","143.09564999999998","1824.47","3648.94","FAG"
"019002270-0000","33024","Cónicos","175.88893499999998","2242.58","4485.17","FAG"
"016713664-0000","33108","Cónicos","31.68273","403.95","807.91","FAG"
"016713680-0000","33109","Cónicos","34.133610000000004","435.2","870.41","FAG"
"016713729-0000","33110","Cónicos","35.039925","446.76","893.52","FAG"
"016713737-0000","33111","Cónicos","37.80993000000001","482.08","964.15","FAG"
"039253902-4080","33111-N11CA-A180-220","Cónicos","92.95472999999997","1185.17","2370.35","FAG"
"019006845-0000","33112","Cónicos","44.21796","563.78","1127.56","FAG"
"016713745-0000","33113","Cónicos","57.889275","738.09","1476.18","FAG"
"019002327-0000","33114","Cónicos","64.246245","819.14","1638.28","FAG"
"016713753-0000","33115","Cónicos","74.93055000000001","955.36","1910.73","FAG"
"016713761-0000","33116","Cónicos","80.12590500000002","1021.61","2043.21","FAG"
"039239888-0000","33116-DY","Cónicos","80.12590500000002","1021.61","2043.21","FAG"
"016713770-0000","33117","Cónicos","90.031545","1147.9","2295.8","FAG"
"016713788-0000","33118","Cónicos","113.0979","1442","2884","FAG"
"016713818-0000","33122","Cónicos","202.235895","2578.51","5157.02","FAG"
"016713958-0000","33205","Cónicos","16.300905","207.84","415.67","FAG"
"016713974-0000","33206","Cónicos","21.228195","270.66","541.32","FAG"
"016713990-0000","33207","Cónicos","23.462069999999997","299.14","598.28","FAG"
"092989780-0000","33207-XL","Cónicos","23.462069999999997","299.14","598.28","FAG"
"016714016-0000","33208","Cónicos","27.585165","351.71","703.42","FAG"
"016714032-0000","33209","Cónicos","32.72946","417.3","834.6","FAG"
"016714075-0000","33210","Cónicos","39.277905","500.79","1001.59","FAG"
"016714091-0000","33211","Cónicos","42.35427","540.02","1080.03","FAG"
"084889071-0000","33211-XL","Cónicos","42.35427","540.02","1080.03","FAG"
"016714105-0000","33212","Cónicos","55.093740000000004","702.45","1404.89","FAG"
"016714113-0000","33213","Cónicos","63.633525","811.33","1622.65","FAG"
"016714121-0000","33214","Cónicos","77.84097","992.47","1984.94","FAG"
"016714130-0000","33215","Cónicos","81.504525","1039.18","2078.37","FAG"
"079330703-0000","33215-XL","Cónicos","81.504525","1039.18","2078.37","FAG"
"016714148-0000","33216","Cónicos","88.64016000000001","1130.16","2260.32","FAG"
"016714156-0000","33217","Cónicos","140.785185","1795.01","3590.02","FAG"
"039297217-0000","33219","Cónicos","223.64280000000002","2851.45","5702.89","FAG"
"016714164-0000","33220","Cónicos","266.188545","3393.9","6787.81","FAG"
"016714628-0000","51100","Axiales de bolas","9.254625","118","235.99","FAG"
"016714636-0000","51101","Axiales de bolas","8.73126","111.32","222.65","FAG"
"016714644-0000","51102","Axiales de bolas","8.514255","108.56","217.11","FAG"
"016714652-0000","51103","Axiales de bolas","8.718495","111.16","222.32","FAG"
"016714660-0000","51104","Axiales de bolas","8.999325","114.74","229.48","FAG"
"003561747-0000","51104-AH01-HLG","Axiales de bolas","32.712255000000006","417.08","834.16","INA"
"016714679-0000","51105","Axiales de bolas","10.16094","129.55","259.1","FAG"
"016714687-0000","51106","Axiales de bolas","10.607715","135.25","270.5","FAG"
"016714695-0000","51107","Axiales de bolas","11.38638","145.18","290.35","FAG"
"016714709-0000","51108","Axiales de bolas","13.22454","168.61","337.23","FAG"
"016714717-0000","51109","Axiales de bolas","15.08823","192.37","384.75","FAG"
"016714725-0000","51110","Axiales de bolas","16.97745","216.46","432.92","FAG"
"016714733-0000","51111","Axiales de bolas","21.687734999999996","276.52","553.04","FAG"
"016714741-0000","51112","Axiales de bolas","24.138614999999998","307.77","615.53","FAG"
"016714750-0000","51113","Axiales de bolas","26.98521","344.06","688.12","FAG"
"016714776-0000","51114","Axiales de bolas","29.257380000000005","373.03","746.06","FAG"
"016714784-0000","51115","Axiales de bolas","33.303885","424.62","849.25","FAG"
"016714792-0000","51116","Axiales de bolas","37.643984999999994","479.96","959.92","FAG"
"016714806-0000","51117","Axiales de bolas","41.971320000000006","535.13","1070.27","FAG"
"016714814-0000","51118","Axiales de bolas","50.39622000000001","642.55","1285.1","FAG"
"016714822-0000","51120","Axiales de bolas","66.09717","842.74","1685.48","FAG"
"016714849-0000","51122","Axiales de bolas","82.88314500000001","1056.76","2113.52","FAG"
"016714857-0000","51124","Axiales de bolas","100.53714000000001","1281.85","2563.7","FAG"
"016714865-0000","51126","Axiales de bolas","123.118425","1569.76","3139.52","FAG"
"016714873-0000","51128","Axiales de bolas","145.840125","1859.46","3718.92","FAG"
"019061137-0000","51130-MP","Axiales de bolas","223.87257","2854.38","5708.75","FAG"
"019061161-0000","51132-MP","Axiales de bolas","269.915925","3441.43","6882.86","FAG"
"019061196-0000","51134-MP","Axiales de bolas","313.546695","3997.72","7995.44","FAG"
"019061234-0000","51136-MP","Axiales de bolas","322.92896999999994","4117.34","8234.69","FAG"
"019061269-0000","51138-MP","Axiales de bolas","377.69082","4815.56","9631.12","FAG"
"019061285-0000","51140-MP","Axiales de bolas","424.25754000000006","5409.28","10818.57","FAG"
"019061366-0000","51144-MP","Axiales de bolas","517.6079850000001","6599.5","13199","FAG"
"016714970-0000","51200","Axiales de bolas","11.02896","140.62","281.24","FAG"
"016714989-0000","51201","Axiales de bolas","11.552325","147.29","294.58","FAG"
"016714997-0000","51202","Axiales de bolas","11.271495","143.71","287.42","FAG"
"016715004-0000","51203","Axiales de bolas","11.82039","150.71","301.42","FAG"
"016715012-0000","51204","Axiales de bolas","12.420345000000001","158.36","316.72","FAG"
"016715020-0000","51205","Axiales de bolas","13.888320000000004","177.08","354.15","FAG"
"016715039-0000","51206","Axiales de bolas","14.781870000000003","188.47","376.94","FAG"
"016715047-0000","51207","Axiales de bolas","18.30501","233.39","466.78","FAG"
"016715055-0000","51208","Axiales de bolas","21.445200000000003","273.43","546.85","FAG"
"006154964-0000","51208-J","Axiales de bolas","21.445200000000003","273.43","546.85","FAG"
"016715071-0000","51209","Axiales de bolas","23.296125","297.03","594.05","FAG"
"016715080-0000","51210","Axiales de bolas","26.181015000000002","333.81","667.62","FAG"
"016715098-0000","51211","Axiales de bolas","34.580385","440.9","881.8","FAG"
"016715101-0000","51212","Axiales de bolas","37.937580000000004","483.7","967.41","FAG"
"016715110-0000","51213","Axiales de bolas","43.554179999999995","555.32","1110.63","FAG"
"016715128-0000","51214","Axiales de bolas","48.341055","616.35","1232.7","FAG"
"016715136-0000","51215","Axiales de bolas","53.587469999999996","683.24","1366.48","FAG"
"016715144-0000","51216","Axiales de bolas","58.43817","745.09","1490.17","FAG"
"016715152-0000","51217","Axiales de bolas","76.13046","970.66","1941.33","FAG"
"016715160-0000","51218","Axiales de bolas","90.97615499999999","1159.95","2319.89","FAG"
"016715179-0000","51220","Axiales de bolas","120.80796000000002","1540.3","3080.6","FAG"
"016715187-0000","51222","Axiales de bolas","150.60147","1920.17","3840.34","FAG"
"016715195-0000","51224","Axiales de bolas","174.45925499999998","2224.36","4448.71","FAG"
"016715209-0000","51226","Axiales de bolas","220.57920000000001","2812.38","5624.77","FAG"
"016715217-0000","51228","Axiales de bolas","385.4647050000001","4914.67","9829.35","FAG"
"016715225-0000","51230-MP","Axiales de bolas","431.57188499999995","5502.54","11005.08","FAG"
"019062214-0000","51232-MP","Axiales de bolas","500.400765","6380.11","12760.22","FAG"
"016715233-0000","51234-MP","Axiales de bolas","570.3402","7271.84","14543.68","FAG"
"016715276-0000","51305","Axiales de bolas","19.121969999999997","243.81","487.61","FAG"
"016715284-0000","51306","Axiales de bolas","20.78142","264.96","529.93","FAG"
"016715292-0000","51307","Axiales de bolas","26.181015000000002","333.81","667.62","FAG"
"016715306-0000","51308","Axiales de bolas","31.78485","405.26","810.51","FAG"
"016715314-0000","51309","Axiales de bolas","37.350390000000004","476.22","952.43","FAG"
"016715322-0000","51310","Axiales de bolas","49.719675","633.93","1267.85","FAG"
"016715330-0000","51311","Axiales de bolas","63.250575","806.44","1612.89","FAG"
"016715349-0000","51312","Axiales de bolas","75.82409999999999","966.76","1933.51","FAG"
"016715357-0000","51313","Axiales de bolas","94.12911","1200.15","2400.29","FAG"
"016715365-0000","51314","Axiales de bolas","111.89799","1426.7","2853.4","FAG"
"016715373-0000","51315","Axiales de bolas","135.99831","1733.98","3467.96","FAG"
"016715381-0000","51316","Axiales de bolas","149.78451","1909.75","3819.51","FAG"
"019006853-0000","51317","Axiales de bolas","179.23336500000002","2285.23","4570.45","FAG"
"016715390-0000","51318","Axiales de bolas","201.45723","2568.58","5137.16","FAG"
"016715403-0000","51320","Axiales de bolas","242.73924","3094.93","6189.85","FAG"
"019006861-0000","51322-MP","Axiales de bolas","454.07658000000004","5789.48","11578.95","FAG"
"016715420-0000","51405","Axiales de bolas","37.490805","478.01","956.02","FAG"
"016715438-0000","51406","Axiales de bolas","39.048135","497.86","995.73","FAG"
"016715446-0000","51407","Axiales de bolas","49.22184000000001","627.58","1255.16","FAG"
"019006900-0000","51408","Axiales de bolas","55.9107","712.86","1425.72","FAG"
"016715454-0000","51409","Axiales de bolas","74.73907499999999","952.92","1905.85","FAG"
"016715462-0000","51410","Axiales de bolas","89.35499999999998","1139.28","2278.55","FAG"
"016715470-0000","51411","Axiales de bolas","135.53877000000003","1728.12","3456.24","FAG"
"038811480-0000","51412-MP","Axiales de bolas","223.61727","2851.12","5702.24","FAG"
"019063130-0000","51413-MP","Axiales de bolas","278.34082500000005","3548.85","7097.69","FAG"
"019063148-0000","51414-MP","Axiales de bolas","373.950675","4767.87","9535.74","FAG"
"038442949-0000","51415-MP","Axiales de bolas","447.51536999999996","5705.82","11411.64","FAG"
"019063180-0000","51416-MP","Axiales de bolas","521.080065","6643.77","13287.54","FAG"
"020676514-0000","7200-B-XL-2RS-TVP","Contacto angular","64.399425","821.09","1642.19","FAG"
"016724925-0000","7200-B-XL-JP","Contacto angular","11.360850000000001","144.85","289.7","FAG"
"019114206-0000","7200-B-XL-JP-UA","Contacto angular","18.20289","232.09","464.17","FAG"
"019114214-0000","7200-B-XL-JP-UO","Contacto angular","18.20289","232.09","464.17","FAG"
"016724933-0000","7200-B-XL-TVP","Contacto angular","12.420345000000001","158.36","316.72","FAG"
"019114230-0000","7200-B-XL-TVP-UA","Contacto angular","20.85801","265.94","531.88","FAG"
"019114249-0000","7200-B-XL-TVP-UO","Contacto angular","20.85801","265.94","531.88","FAG"
"020676522-0000","7201-B-XL-2RS-TVP","Contacto angular","64.756845","825.65","1651.3","FAG"
"019114257-0000","7201-B-XL-JP","Contacto angular","12.828825","163.57","327.14","FAG"
"019114265-0000","7201-B-XL-JP-UA","Contacto angular","18.79008","239.57","479.15","FAG"
"019114273-0000","7201-B-XL-JP-UO","Contacto angular","18.79008","239.57","479.15","FAG"
"016724941-0000","7201-B-XL-TVP","Contacto angular","12.420345000000001","158.36","316.72","FAG"
"019003145-0000","7201-B-XL-TVP-UA","Contacto angular","20.717595000000003","264.15","528.3","FAG"
"019114303-0000","7201-B-XL-TVP-UO","Contacto angular","20.717595000000003","264.15","528.3","FAG"
"020676530-0000","7202-B-XL-2RS-TVP","Contacto angular","65.71422","837.86","1675.71","FAG"
"019114311-0000","7202-B-XL-JP","Contacto angular","13.798965","175.94","351.87","FAG"
"019114320-0000","7202-B-XL-JP-UA","Contacto angular","21.713265000000007","276.84","553.69","FAG"
"019114338-0000","7202-B-XL-JP-UO","Contacto angular","21.713265000000007","276.84","553.69","FAG"
"016724950-0000","7202-B-XL-TVP","Contacto angular","11.922509999999999","152.01","304.02","FAG"
"019114354-0000","7202-B-XL-TVP-P5-UL","Contacto angular","40.5927","517.56","1035.11","FAG"
"019114370-0000","7202-B-XL-TVP-UA","Contacto angular","20.755890000000004","264.64","529.28","FAG"
"016724968-0000","7202-B-XL-TVP-UO","Contacto angular","20.755890000000004","264.64","529.28","FAG"
"020676549-0000","7203-B-XL-2RS-TVP","Contacto angular","66.952425","853.64","1707.29","FAG"
"019114389-0000","7203-B-XL-JP","Contacto angular","14.232975000000003","181.47","362.94","FAG"
"019114397-0000","7203-B-XL-JP-UA","Contacto angular","27.751109999999997","353.83","707.65","FAG"
"019114400-0000","7203-B-XL-JP-UO","Contacto angular","27.751109999999997","353.83","707.65","FAG"
"019114419-0000","7203-B-XL-MP","Contacto angular","20.360174999999998","259.59","519.18","FAG"
"016724976-0000","7203-B-XL-MP-UA","Contacto angular","32.014619999999994","408.19","816.37","FAG"
"016724984-0000","7203-B-XL-TVP","Contacto angular","12.713940000000001","162.1","324.21","FAG"
"019114435-0000","7203-B-XL-TVP-P5-UL","Contacto angular","18.02418","229.81","459.62","FAG"
"016724992-0000","7203-B-XL-TVP-UA","Contacto angular","21.457964999999998","273.59","547.18","FAG"
"019114460-0000","7203-B-XL-TVP-UO","Contacto angular","21.457964999999998","273.59","547.18","FAG"
"020676565-0000","7204-B-XL-2RS-TVP","Contacto angular","74.202945","946.09","1892.18","FAG"
"016725000-0000","7204-B-XL-JP","Contacto angular","15.152054999999999","193.19","386.38","FAG"
"019114478-0000","7204-B-XL-JP-UA","Contacto angular","26.436315","337.06","674.13","FAG"
"019114486-0000","7204-B-XL-JP-UO","Contacto angular","26.436315","337.06","674.13","FAG"
"016725018-0000","7204-B-XL-TVP","Contacto angular","13.888320000000004","177.08","354.15","FAG"
"019114494-0000","7204-B-XL-TVP-P5-UL","Contacto angular","48.085755","613.09","1226.19","FAG"
"016725026-0000","7204-B-XL-TVP-P5-UO","Contacto angular","48.085755","613.09","1226.19","FAG"
"019114508-0000","7204-B-XL-TVP-UA","Contacto angular","24.30456","309.88","619.77","FAG"
"016725034-0000","7204-B-XL-TVP-UO","Contacto angular","24.30456","309.88","619.77","FAG"
"020676573-0000","7205-B-XL-2RS-TVP","Contacto angular","81.172635","1034.95","2069.9","FAG"
"019114516-0000","7205-B-XL-JP","Contacto angular","16.709385","213.04","426.09","FAG"
"019114524-0000","7205-B-XL-JP-UA","Contacto angular","27.674519999999998","352.85","705.7","FAG"
"019114532-0000","7205-B-XL-JP-UO","Contacto angular","27.674519999999998","352.85","705.7","FAG"
"019114540-0000","7205-B-XL-MP","Contacto angular","26.98521","344.06","688.12","FAG"
"016725042-0000","7205-B-XL-TVP","Contacto angular","15.330765","195.47","390.93","FAG"
"016725069-0000","7205-B-XL-TVP-P5-UL","Contacto angular","51.87696000000001","661.43","1322.86","FAG"
"016725085-0000","7205-B-XL-TVP-UA","Contacto angular","25.644885","326.97","653.94","FAG"
"016725093-0000","7205-B-XL-TVP-UO","Contacto angular","25.644885","326.97","653.94","FAG"
"020676590-0000","7206-B-XL-2RS-TVP","Contacto angular","95.07372000000001","1212.19","2424.38","FAG"
"019114591-0000","7206-B-XL-JP","Contacto angular","19.543215000000004","249.18","498.35","FAG"
"019114605-0000","7206-B-XL-JP-UA","Contacto angular","31.210424999999997","397.93","795.87","FAG"
"019114613-0000","7206-B-XL-JP-UO","Contacto angular","31.210424999999997","397.93","795.87","FAG"
"019114621-0000","7206-B-XL-MP","Contacto angular","26.155485","333.48","666.96","FAG"
"019114648-0000","7206-B-XL-MP-UA","Contacto angular","41.103300000000004","524.07","1048.13","FAG"
"089385110-0000","7206-B-XL-MP-UB","Contacto angular","41.103300000000004","524.07","1048.13","FAG"
"019114656-0000","7206-B-XL-MP-UO","Contacto angular","41.103300000000004","524.07","1048.13","FAG"
"016725107-0000","7206-B-XL-TVP","Contacto angular","17.69229","225.58","451.15","FAG"
"019114672-0000","7206-B-XL-TVP-P5-UL","Contacto angular","59.650845","760.55","1521.1","FAG"
"016725115-0000","7206-B-XL-TVP-P5-UO","Contacto angular","59.650845","760.55","1521.1","FAG"
"016725123-0000","7206-B-XL-TVP-UA","Contacto angular","28.465950000000007","362.94","725.88","FAG"
"019003153-0000","7206-B-XL-TVP-UO","Contacto angular","28.465950000000007","362.94","725.88","FAG"
"020676611-0000","7207-B-XL-2RS-TVP","Contacto angular","102.8859","1311.8","2623.59","FAG"
"019114680-0000","7207-B-XL-JP","Contacto angular","22.364279999999997","285.14","570.29","FAG"
"019114702-0000","7207-B-XL-JP-UA","Contacto angular","35.86965000000001","457.34","914.68","FAG"
"019114710-0000","7207-B-XL-JP-UO","Contacto angular","35.86965000000001","457.34","914.68","FAG"
"019114737-0000","7207-B-XL-MP-UA","Contacto angular","48.826125","622.53","1245.07","FAG"
"089385144-0000","7207-B-XL-MP-UB","Contacto angular","48.826125","622.53","1245.07","FAG"
"019114745-0000","7207-B-XL-MP-UO","Contacto angular","48.826125","622.53","1245.07","FAG"
"016725131-0000","7207-B-XL-TVP","Contacto angular","21.126075000000004","269.36","538.71","FAG"
"019114753-0000","7207-B-XL-TVP-P5-UA","Contacto angular","63.097395000000006","804.49","1608.98","FAG"
"019114761-0000","7207-B-XL-TVP-P5-UL","Contacto angular","63.097395000000006","804.49","1608.98","FAG"
"016725140-0000","7207-B-XL-TVP-P5-UO","Contacto angular","63.097395000000006","804.49","1608.98","FAG"
"016725158-0000","7207-B-XL-TVP-UA","Contacto angular","31.133835","396.96","793.91","FAG"
"019114788-0000","7207-B-XL-TVP-UO","Contacto angular","31.133835","396.96","793.91","FAG"
"020676620-0000","7208-B-XL-2RS-TVP","Contacto angular","122.74824","1565.04","3130.08","FAG"
"019114796-0000","7208-B-XL-JP","Contacto angular","27.674519999999998","352.85","705.7","FAG"
"019003161-0000","7208-B-XL-JP-UA","Contacto angular","40.3374","514.3","1028.6","FAG"
"016725166-0000","7208-B-XL-JP-UO","Contacto angular","40.3374","514.3","1028.6","FAG"
"019114800-0000","7208-B-XL-MP","Contacto angular","42.62233500000001","543.43","1086.87","FAG"
"019114826-0000","7208-B-XL-MP-UA","Contacto angular","54.14913","690.4","1380.8","FAG"
"089385233-0000","7208-B-XL-MP-UB","Contacto angular","54.14913","690.4","1380.8","FAG"
"019114834-0000","7208-B-XL-MP-UO","Contacto angular","54.14913","690.4","1380.8","FAG"
"016725174-0000","7208-B-XL-TVP","Contacto angular","25.45341","324.53","649.06","FAG"
"019114850-0000","7208-B-XL-TVP-P5-UL","Contacto angular","81.683235","1041.46","2082.92","FAG"
"016725182-0000","7208-B-XL-TVP-UA","Contacto angular","34.9761","445.95","891.89","FAG"
"016725190-0000","7208-B-XL-TVP-UO","Contacto angular","34.9761","445.95","891.89","FAG"
"026800993-0000","7209-B-XL-2RS-TVP","Contacto angular","146.33796","1865.81","3731.62","FAG"
"016725204-0000","7209-B-XL-JP","Contacto angular","30.827474999999996","393.05","786.1","FAG"
"019114885-0000","7209-B-XL-JP-UA","Contacto angular","42.76275","545.23","1090.45","FAG"
"019114893-0000","7209-B-XL-JP-UO","Contacto angular","42.76275","545.23","1090.45","FAG"
"019114907-0000","7209-B-XL-MP","Contacto angular","46.911375","598.12","1196.24","FAG"
"019114923-0000","7209-B-XL-MP-UA","Contacto angular","59.982735","764.78","1529.56","FAG"
"089382854-0000","7209-B-XL-MP-UB","Contacto angular","59.982735","764.78","1529.56","FAG"
"019114931-0000","7209-B-XL-MP-UO","Contacto angular","59.982735","764.78","1529.56","FAG"
"016725212-0000","7209-B-XL-TVP","Contacto angular","28.363829999999997","361.64","723.28","FAG"
"016725220-0000","7209-B-XL-TVP-P5-UO","Contacto angular","78.77281500000001","1004.35","2008.71","FAG"
"016725239-0000","7209-B-XL-TVP-UA","Contacto angular","38.077994999999994","485.49","970.99","FAG"
"016725247-0000","7209-B-XL-TVP-UO","Contacto angular","38.077994999999994","485.49","970.99","FAG"
"019114966-0000","7210-B-XL-JP","Contacto angular","36.699374999999996","467.92","935.83","FAG"
"016725255-0000","7210-B-XL-JP-UA","Contacto angular","49.081425","625.79","1251.58","FAG"
"019114974-0000","7210-B-XL-JP-UO","Contacto angular","49.081425","625.79","1251.58","FAG"
"019114982-0000","7210-B-XL-MP","Contacto angular","51.225945","653.13","1306.26","FAG"
"019115008-0000","7210-B-XL-MP-UA","Contacto angular","60.69757500000001","773.89","1547.79","FAG"
"089383052-0000","7210-B-XL-MP-UB","Contacto angular","60.69757500000001","773.89","1547.79","FAG"
"019115016-0000","7210-B-XL-MP-UO","Contacto angular","60.69757500000001","773.89","1547.79","FAG"
"016725263-0000","7210-B-XL-TVP","Contacto angular","31.50402","401.68","803.35","FAG"
"019115032-0000","7210-B-XL-TVP-P5-UL","Contacto angular","90.09537","1148.72","2297.43","FAG"
"019115040-0000","7210-B-XL-TVP-P5-UO","Contacto angular","90.09537","1148.72","2297.43","FAG"
"016725271-0000","7210-B-XL-TVP-UA","Contacto angular","45.1881","576.15","1152.3","FAG"
"016725280-0000","7210-B-XL-TVP-UO","Contacto angular","45.1881","576.15","1152.3","FAG"
"019115059-0000","7211-B-XL-JP","Contacto angular","42.469155","541.48","1082.96","FAG"
"019115067-0000","7211-B-XL-JP-UA","Contacto angular","56.40853499999999","719.21","1438.42","FAG"
"019115075-0000","7211-B-XL-JP-UO","Contacto angular","56.40853499999999","719.21","1438.42","FAG"
"019115083-0000","7211-B-XL-MP","Contacto angular","72.824325","928.51","1857.02","FAG"
"019115113-0000","7211-B-XL-MP-UA","Contacto angular","73.717875","939.9","1879.81","FAG"
"089312465-0000","7211-B-XL-MP-UB","Contacto angular","73.717875","939.9","1879.81","FAG"
"016725298-0000","7211-B-XL-TVP","Contacto angular","39.124725","498.84","997.68","FAG"
"016725301-0000","7211-B-XL-TVP-P5-UL","Contacto angular","110.072595","1403.43","2806.85","FAG"
"016725310-0000","7211-B-XL-TVP-P5-UO","Contacto angular","110.072595","1403.43","2806.85","FAG"
"016725328-0000","7211-B-XL-TVP-UA","Contacto angular","51.97908","662.73","1325.47","FAG"
"016725336-0000","7211-B-XL-TVP-UO","Contacto angular","51.97908","662.73","1325.47","FAG"
"022753281-0000","7212-B-XL-2RS-TVP","Contacto angular","326.45211000000006","4162.26","8324.53","FAG"
"095286705-0000","7212-B-XL-2RS-TVP-UH","Contacto angular","341.068035","4348.62","8697.23","FAG"
"019115148-0000","7212-B-XL-JP","Contacto angular","51.021705","650.53","1301.05","FAG"
"019115156-0000","7212-B-XL-JP-UA","Contacto angular","70.884045","903.77","1807.54","FAG"
"019115164-0000","7212-B-XL-JP-UO","Contacto angular","70.884045","903.77","1807.54","FAG"
"019115172-0000","7212-B-XL-MP","Contacto angular","85.997805","1096.47","2192.94","FAG"
"019115229-0000","7212-B-XL-MP-UA","Contacto angular","95.92897500000001","1223.09","2446.19","FAG"
"089383192-0000","7212-B-XL-MP-UB","Contacto angular","95.92897500000001","1223.09","2446.19","FAG"
"019115237-0000","7212-B-XL-MP-UO","Contacto angular","95.92897500000001","1223.09","2446.19","FAG"
"016725344-0000","7212-B-XL-TVP","Contacto angular","46.911375","598.12","1196.24","FAG"
"019115253-0000","7212-B-XL-TVP-P5-UL","Contacto angular","128.31378","1636","3272","FAG"
"016725352-0000","7212-B-XL-TVP-UA","Contacto angular","59.25513","755.5","1511.01","FAG"
"016725360-0000","7212-B-XL-TVP-UO","Contacto angular","59.25513","755.5","1511.01","FAG"
"019115288-0000","7213-B-XL-JP","Contacto angular","61.706010000000006","786.75","1573.5","FAG"
"019115296-0000","7213-B-XL-JP-UA","Contacto angular","75.46668","962.2","1924.4","FAG"
"019115300-0000","7213-B-XL-JP-UO","Contacto angular","75.46668","962.2","1924.4","FAG"
"019115318-0000","7213-B-XL-MP","Contacto angular","105.45166499999999","1344.51","2689.02","FAG"
"019115342-0000","7213-B-XL-MP-UA","Contacto angular","115.57431000000001","1473.57","2947.14","FAG"
"089312660-0000","7213-B-XL-MP-UB","Contacto angular","115.57431000000001","1473.57","2947.14","FAG"
"019115350-0000","7213-B-XL-MP-UO","Contacto angular","115.57431000000001","1473.57","2947.14","FAG"
"016725379-0000","7213-B-XL-TVP","Contacto angular","53.53641","682.59","1365.18","FAG"
"016725387-0000","7213-B-XL-TVP-UA","Contacto angular","69.4416","885.38","1770.76","FAG"
"016725395-0000","7213-B-XL-TVP-UO","Contacto angular","69.4416","885.38","1770.76","FAG"
"039088693-0000","7214-B-XL-2RS-TVP","Contacto angular","441.15840000000003","5624.77","11249.54","FAG"
"079514669-0000","7214-B-XL-2RS-TVP-L055","Contacto angular","441.15840000000003","5624.77","11249.54","FAG"
"016725409-0000","7214-B-XL-JP","Contacto angular","70.807455","902.8","1805.59","FAG"
"019115385-0000","7214-B-XL-JP-UA","Contacto angular","83.76393000000002","1067.99","2135.98","FAG"
"019115393-0000","7214-B-XL-JP-UO","Contacto angular","83.76393000000002","1067.99","2135.98","FAG"
"016725417-0000","7214-B-XL-MP","Contacto angular","114.45099000000002","1459.25","2918.5","FAG"
"019115423-0000","7214-B-XL-MP-UA","Contacto angular","121.254735","1546","3092","FAG"
"088950387-0000","7214-B-XL-MP-UB","Contacto angular","121.254735","1546","3092","FAG"
"019115431-0000","7214-B-XL-MP-UO","Contacto angular","121.254735","1546","3092","FAG"
"016725425-0000","7214-B-XL-TVP","Contacto angular","65.20362","831.35","1662.69","FAG"
"019115466-0000","7214-B-XL-TVP-P5-UL","Contacto angular","172.64662500000003","2201.24","4402.49","FAG"
"019115482-0000","7214-B-XL-TVP-UA","Contacto angular","77.07507000000001","982.71","1965.41","FAG"
"019115490-0000","7214-B-XL-TVP-UO","Contacto angular","77.07507000000001","982.71","1965.41","FAG"
"019115504-0000","7215-B-XL-JP","Contacto angular","79.62807000000001","1015.26","2030.52","FAG"
"019115512-0000","7215-B-XL-JP-UA","Contacto angular","99.18405000000001","1264.6","2529.19","FAG"
"019115520-0000","7215-B-XL-JP-UO","Contacto angular","99.18405000000001","1264.6","2529.19","FAG"
"019115539-0000","7215-B-XL-MP","Contacto angular","120.80796000000002","1540.3","3080.6","FAG"
"019115555-0000","7215-B-XL-MP-P5-UO","Contacto angular","240.42877499999997","3065.47","6130.93","FAG"
"019115563-0000","7215-B-XL-MP-P6-UA","Contacto angular","138.768315","1769.3","3538.59","FAG"
"019003170-0000","7215-B-XL-MP-UA","Contacto angular","129.25839000000002","1648.04","3296.09","FAG"
"088969665-0000","7215-B-XL-MP-UB","Contacto angular","129.25839000000002","1648.04","3296.09","FAG"
"019115580-0000","7215-B-XL-MP-UO","Contacto angular","129.25839000000002","1648.04","3296.09","FAG"
"016725441-0000","7215-B-XL-TVP","Contacto angular","69.14800500000001","881.64","1763.27","FAG"
"019115601-0000","7215-B-XL-TVP-P5-UL","Contacto angular","193.82376","2471.25","4942.51","FAG"
"019115610-0000","7215-B-XL-TVP-P5-UO","Contacto angular","193.82376","2471.25","4942.51","FAG"
"016725450-0000","7215-B-XL-TVP-UA","Contacto angular","86.06163","1097.29","2194.57","FAG"
"016725468-0000","7215-B-XL-TVP-UO","Contacto angular","91.23145500000001","1163.2","2326.4","FAG"
"019115636-0000","7216-B-XL-JP","Contacto angular","96.96294","1236.28","2472.55","FAG"
"019115644-0000","7216-B-XL-JP-UA","Contacto angular","109.31945999999999","1393.82","2787.65","FAG"
"019115652-0000","7216-B-XL-JP-UO","Contacto angular","109.31945999999999","1393.82","2787.65","FAG"
"019115660-0000","7216-B-XL-MP","Contacto angular","131.14761000000001","1672.13","3344.26","FAG"
"016725476-0000","7216-B-XL-MP-UA","Contacto angular","148.597365","1894.62","3789.23","FAG"
"093039808-0000","7216-B-XL-MP-UB","Contacto angular","148.597365","1894.62","3789.23","FAG"
"019115725-0000","7216-B-XL-MP-UO","Contacto angular","148.597365","1894.62","3789.23","FAG"
"019003188-0000","7216-B-XL-TVP","Contacto angular","83.189505","1060.67","2121.33","FAG"
"016725484-0000","7216-B-XL-TVP-UA","Contacto angular","100.575435","1282.34","2564.67","FAG"
"016725492-0000","7216-B-XL-TVP-UO","Contacto angular","100.575435","1282.34","2564.67","FAG"
"019115768-0000","7217-B-XL-JP","Contacto angular","117.14440499999999","1493.59","2987.18","FAG"
"019115776-0000","7217-B-XL-JP-UA","Contacto angular","129.551985","1651.79","3303.58","FAG"
"019115784-0000","7217-B-XL-JP-UO","Contacto angular","129.551985","1651.79","3303.58","FAG"
"019115792-0000","7217-B-XL-MP","Contacto angular","168.56182500000003","2149.16","4298.33","FAG"
"019115814-0000","7217-B-XL-MP-UA","Contacto angular","158.656185","2022.87","4045.73","FAG"
"089312686-0000","7217-B-XL-MP-UB","Contacto angular","158.656185","2022.87","4045.73","FAG"
"016725514-0000","7217-B-XL-MP-UO","Contacto angular","158.656185","2022.87","4045.73","FAG"
"016725522-0000","7217-B-XL-TVP","Contacto angular","101.64769499999998","1296.01","2592.02","FAG"
"019115849-0000","7217-B-XL-TVP-UA","Contacto angular","119.14851","1519.14","3038.29","FAG"
"019003196-0000","7217-B-XL-TVP-UO","Contacto angular","126.29691","1610.29","3220.57","FAG"
"019115873-0000","7218-B-XL-JP","Contacto angular","142.036155","1810.96","3621.92","FAG"
"019115881-0000","7218-B-XL-JP-UA","Contacto angular","164.64297","2099.2","4198.4","FAG"
"019115890-0000","7218-B-XL-JP-UO","Contacto angular","164.64297","2099.2","4198.4","FAG"
"016725530-0000","7218-B-XL-MP","Contacto angular","198.13833","2526.26","5052.53","FAG"
"016725549-0000","7218-B-XL-MP-UA","Contacto angular","218.99634000000003","2792.2","5584.41","FAG"
"093039816-0000","7218-B-XL-MP-UB","Contacto angular","218.99634000000003","2792.2","5584.41","FAG"
"019115903-0000","7218-B-XL-MP-UO","Contacto angular","218.99634000000003","2792.2","5584.41","FAG"
"019003200-0000","7218-B-XL-TVP","Contacto angular","130.675305","1666.11","3332.22","FAG"
"016725565-0000","7218-B-XL-TVP-UA","Contacto angular","151.456725","1931.07","3862.15","FAG"
"019115920-0000","7218-B-XL-TVP-UO","Contacto angular","151.456725","1931.07","3862.15","FAG"
"019115938-0000","7219-B-XL-MP","Contacto angular","236.33121000000003","3013.22","6026.45","FAG"
"038406314-0000","7219-B-XL-MP-P6-UA","Contacto angular","273.464595","3486.67","6973.35","FAG"
"016725573-0000","7219-B-XL-MP-UA","Contacto angular","243.90085500000004","3109.74","6219.47","FAG"
"089313445-0000","7219-B-XL-MP-UB","Contacto angular","243.90085500000004","3109.74","6219.47","FAG"
"019115954-0000","7219-B-XL-MP-UO","Contacto angular","243.91362000000007","3109.9","6219.8","FAG"
"016725581-0000","7219-B-XL-TVP","Contacto angular","168.868185","2153.07","4306.14","FAG"
"019115962-0000","7219-B-XL-TVP-UA","Contacto angular","189.26665500000001","2413.15","4826.3","FAG"
"016725590-0000","7219-B-XL-TVP-UO","Contacto angular","189.26665500000001","2413.15","4826.3","FAG"
"019115970-0000","7220-B-XL-JP","Contacto angular","193.300395","2464.58","4929.16","FAG"
"019115989-0000","7220-B-XL-JP-UA","Contacto angular","216.92841000000004","2765.84","5531.67","FAG"
"019115997-0000","7220-B-XL-MP","Contacto angular","209.384295","2669.65","5339.3","FAG"
"019116004-0000","7220-B-XL-MP-S1-UA","Contacto angular","282.15756","3597.51","7195.02","FAG"
"016725603-0000","7220-B-XL-MP-UA","Contacto angular","269.13726","3431.5","6863","FAG"
"092629580-0000","7220-B-XL-MP-UB","Contacto angular","269.13726","3431.5","6863","FAG"
"019116012-0000","7220-B-XL-MP-UO","Contacto angular","269.13726","3431.5","6863","FAG"
"016725611-0000","7220-B-XL-TVP","Contacto angular","177.880275","2267.97","4535.95","FAG"
"016725620-0000","7220-B-XL-TVP-UA","Contacto angular","219.558","2799.36","5598.73","FAG"
"019116039-0000","7220-B-XL-TVP-UO","Contacto angular","219.558","2799.36","5598.73","FAG"
"019116047-0000","7221-B-XL-MP","Contacto angular","295.496985","3767.59","7535.17","FAG"
"016725638-0000","7221-B-XL-MP-UA","Contacto angular","310.993695","3965.17","7930.34","FAG"
"019116071-0000","7222-B-XL-JP","Contacto angular","255.67018499999998","3259.79","6519.59","FAG"
"019116080-0000","7222-B-XL-JP-UA","Contacto angular","282.69369","3604.34","7208.69","FAG"
"019116098-0000","7222-B-XL-MP","Contacto angular","347.33565000000004","4428.53","8857.06","FAG"
"019116101-0000","7222-B-XL-MP-UA","Contacto angular","349.59505500000006","4457.34","8914.67","FAG"
"092861288-0000","7222-B-XL-MP-UB","Contacto angular","349.59505500000006","4457.34","8914.67","FAG"
"019116110-0000","7222-B-XL-MP-UO","Contacto angular","349.59505500000006","4457.34","8914.67","FAG"
"039708810-0000","7222-B-XL-N1-MP","Contacto angular","379.08220500000004","4833.3","9666.6","FAG"
"016725646-0000","7222-B-XL-TVP","Contacto angular","246.98998500000002","3149.12","6298.24","FAG"
"016725654-0000","7222-B-XL-TVP-UA","Contacto angular","260.07411","3315.94","6631.89","FAG"
"016725662-0000","7222-B-XL-TVP-UO","Contacto angular","260.07411","3315.94","6631.89","FAG"
"019116136-0000","7224-B-XL-MP","Contacto angular","401.63795999999996","5120.88","10241.77","FAG"
"019003218-0000","7224-B-XL-MP-UA","Contacto angular","408.35234999999994","5206.49","10412.98","FAG"
"092861237-0000","7224-B-XL-MP-UB","Contacto angular","408.35234999999994","5206.49","10412.98","FAG"
"016725670-0000","7224-B-XL-MP-UO","Contacto angular","408.35234999999994","5206.49","10412.98","FAG"
"019116160-0000","7224-B-XL-TVP","Contacto angular","317.74638","4051.27","8102.53","FAG"
"019116179-0000","7224-B-XL-TVP-UA","Contacto angular","344.73159000000004","4395.33","8790.66","FAG"
"019116187-0000","7224-B-XL-TVP-UO","Contacto angular","344.73159000000004","4395.33","8790.66","FAG"
"019003226-0000","7226-B-XL-MP","Contacto angular","507.5364","6471.09","12942.18","FAG"
"016725689-0000","7226-B-XL-MP-UA","Contacto angular","528.228465","6734.91","13469.83","FAG"
"092861245-0000","7226-B-XL-MP-UB","Contacto angular","528.228465","6734.91","13469.83","FAG"
"016725697-0000","7226-B-XL-MP-UO","Contacto angular","528.228465","6734.91","13469.83","FAG"
"019116195-0000","7226-B-XL-TVP","Contacto angular","393.95342999999997","5022.91","10045.81","FAG"
"019003234-0000","7226-B-XL-TVP-UA","Contacto angular","431.01022499999993","5495.38","10990.76","FAG"
"019003242-0000","7226-B-XL-TVP-UO","Contacto angular","431.01022499999993","5495.38","10990.76","FAG"
"016725778-0000","7301-B-XL-JP","Contacto angular","17.79441","226.88","453.76","FAG"
"019116527-0000","7301-B-XL-JP-UA","Contacto angular","26.027835","331.85","663.71","FAG"
"019116535-0000","7301-B-XL-JP-UO","Contacto angular","26.027835","331.85","663.71","FAG"
"016725786-0000","7301-B-XL-TVP","Contacto angular","15.279705","194.82","389.63","FAG"
"019116543-0000","7301-B-XL-TVP-P5-UL","Contacto angular","21.457964999999998","273.59","547.18","FAG"
"019116551-0000","7301-B-XL-TVP-UA","Contacto angular","23.79396","303.37","606.75","FAG"
"019116560-0000","7301-B-XL-TVP-UO","Contacto angular","23.79396","303.37","606.75","FAG"
"020676646-0000","7302-B-XL-2RS-TVP","Contacto angular","80.713095","1029.09","2058.18","FAG"
"019116578-0000","7302-B-XL-JP","Contacto angular","17.985885","229.32","458.64","FAG"
"019116586-0000","7302-B-XL-JP-UA","Contacto angular","26.321430000000007","335.6","671.2","FAG"
"039619524-0000","7302-B-XL-JP-UO","Contacto angular","26.321430000000007","335.6","671.2","FAG"
"016725794-0000","7302-B-XL-TVP","Contacto angular","15.075465","192.21","384.42","FAG"
"019116624-0000","7302-B-XL-TVP-UA","Contacto angular","25.53","325.51","651.01","FAG"
"019116632-0000","7302-B-XL-TVP-UO","Contacto angular","25.53","325.51","651.01","FAG"
"020676654-0000","7303-B-XL-2RS-TVP","Contacto angular","80.91733500000001","1031.7","2063.39","FAG"
"019007302-0000","7303-B-XL-JP","Contacto angular","19.32621","246.41","492.82","FAG"
"016725808-0000","7303-B-XL-TVP","Contacto angular","15.675419999999999","199.86","399.72","FAG"
"019116667-0000","7303-B-XL-TVP-UA","Contacto angular","26.104425","332.83","665.66","FAG"
"019116675-0000","7303-B-XL-TVP-UO","Contacto angular","26.104425","332.83","665.66","FAG"
"020676670-0000","7304-B-XL-2RS-TVP","Contacto angular","83.10014999999999","1059.53","2119.05","FAG"
"019116683-0000","7304-B-XL-JP","Contacto angular","19.81128","252.59","505.19","FAG"
"019116691-0000","7304-B-XL-JP-UA","Contacto angular","28.963785","369.29","738.58","FAG"
"019116705-0000","7304-B-XL-MP-UA","Contacto angular","44.83068","571.59","1143.18","FAG"
"016725816-0000","7304-B-XL-TVP","Contacto angular","16.530675","210.77","421.53","FAG"
"019116748-0000","7304-B-XL-TVP-UA","Contacto angular","25.108755000000002","320.14","640.27","FAG"
"019116764-0000","7304-B-XL-TVP-UO","Contacto angular","25.108755000000002","320.14","640.27","FAG"
"020676689-0000","7305-B-XL-2RS-TVP","Contacto angular","103.11567","1314.72","2629.45","FAG"
"016725824-0000","7305-B-XL-JP","Contacto angular","20.78142","264.96","529.93","FAG"
"016725832-0000","7305-B-XL-JP-UA","Contacto angular","32.103975","409.33","818.65","FAG"
"019116780-0000","7305-B-XL-JP-UO","Contacto angular","32.103975","409.33","818.65","FAG"
"019116799-0000","7305-B-XL-MP","Contacto angular","46.196535","589.01","1178.01","FAG"
"019116837-0000","7305-B-XL-MP-UA","Contacto angular","48.91548","623.67","1247.34","FAG"
"019116845-0000","7305-B-XL-MP-UO","Contacto angular","48.91548","623.67","1247.34","FAG"
"016725840-0000","7305-B-XL-TVP","Contacto angular","19.121969999999997","243.81","487.61","FAG"
"016725859-0000","7305-B-XL-TVP-UA","Contacto angular","27.865994999999998","355.29","710.58","FAG"
"016725867-0000","7305-B-XL-TVP-UO","Contacto angular","27.865994999999998","355.29","710.58","FAG"
"039029662-0000","7306-B-XL-2RS-TVP","Contacto angular","109.868355","1400.82","2801.64","FAG"
"020676700-0000","7306-B-XL-2RS-TVP-L198","Contacto angular","113.78721","1450.79","2901.57","FAG"
"020676719-0000","7306-B-XL-2RS-TVP-L237","Contacto angular","111.02997","1415.63","2831.26","FAG"
"016725875-0000","7306-B-XL-JP","Contacto angular","24.291795000000004","309.72","619.44","FAG"
"019116918-0000","7306-B-XL-JP-UA","Contacto angular","38.72901","493.79","987.59","FAG"
"016725883-0000","7306-B-XL-MP","Contacto angular","46.911375","598.12","1196.24","FAG"
"016725891-0000","7306-B-XL-MP-UA","Contacto angular","54.098070000000014","689.75","1379.5","FAG"
"089313704-0000","7306-B-XL-MP-UB","Contacto angular","54.098070000000014","689.75","1379.5","FAG"
"038126168-0000","7306-B-XL-MP-UO","Contacto angular","54.098070000000014","689.75","1379.5","FAG"
"016725905-0000","7306-B-XL-TVP","Contacto angular","21.509025","274.24","548.48","FAG"
"019116969-0000","7306-B-XL-TVP-P5-UA","Contacto angular","73.88382","942.02","1884.04","FAG"
"019116977-0000","7306-B-XL-TVP-P5-UL","Contacto angular","73.88382","942.02","1884.04","FAG"
"016725913-0000","7306-B-XL-TVP-UA","Contacto angular","33.59748","428.37","856.74","FAG"
"016725921-0000","7306-B-XL-TVP-UO","Contacto angular","33.59748","428.37","856.74","FAG"
"019117027-0000","7307-B-XL-JP","Contacto angular","30.827474999999996","393.05","786.1","FAG"
"019117035-0000","7307-B-XL-JP-UA","Contacto angular","42.76275","545.23","1090.45","FAG"
"019117043-0000","7307-B-XL-JP-UO","Contacto angular","42.76275","545.23","1090.45","FAG"
"016725930-0000","7307-B-XL-MP","Contacto angular","49.26013499999999","628.07","1256.13","FAG"
"016725948-0000","7307-B-XL-MP-P6-UA","Contacto angular","61.706010000000006","786.75","1573.5","FAG"
"016725956-0000","7307-B-XL-MP-UA","Contacto angular","55.770284999999994","711.07","1422.14","FAG"
"089313712-0000","7307-B-XL-MP-UB","Contacto angular","55.770284999999994","711.07","1422.14","FAG"
"019117078-0000","7307-B-XL-MP-UO","Contacto angular","55.770284999999994","711.07","1422.14","FAG"
"016725964-0000","7307-B-XL-TVP","Contacto angular","26.768205","341.29","682.59","FAG"
"016725972-0000","7307-B-XL-TVP-UA","Contacto angular","37.09509","472.96","945.92","FAG"
"019117132-0000","7307-B-XL-TVP-UL","Contacto angular","37.09509","472.96","945.92","FAG"
"016725980-0000","7307-B-XL-TVP-UO","Contacto angular","37.09509","472.96","945.92","FAG"
"039029670-0000","7308-B-XL-2RS-TVP","Contacto angular","164.54085","2097.9","4195.79","FAG"
"020676727-0000","7308-B-XL-2RS-TVP-L198","Contacto angular","168.35758499999997","2146.56","4293.12","FAG"
"020676735-0000","7308-B-XL-2RS-TVP-L237","Contacto angular","168.35758499999997","2146.56","4293.12","FAG"
"016725999-0000","7308-B-XL-JP","Contacto angular","40.3374","514.3","1028.6","FAG"
"019117140-0000","7308-B-XL-JP-UA","Contacto angular","50.511105","644.02","1288.03","FAG"
"019117159-0000","7308-B-XL-JP-UA20","Contacto angular","52.23438","665.99","1331.98","FAG"
"019117167-0000","7308-B-XL-JP-UO","Contacto angular","50.511105","644.02","1288.03","FAG"
"019117175-0000","7308-B-XL-MP","Contacto angular","66.60777","849.25","1698.5","FAG"
"016726006-0000","7308-B-XL-MP-UA","Contacto angular","72.22437","920.86","1841.72","FAG"
"088882411-0000","7308-B-XL-MP-UB","Contacto angular","72.22437","920.86","1841.72","FAG"
"019117213-0000","7308-B-XL-MP-UO","Contacto angular","72.22437","920.86","1841.72","FAG"
"016726014-0000","7308-B-XL-TVP","Contacto angular","33.9549","432.92","865.85","FAG"
"016726022-0000","7308-B-XL-TVP-UA","Contacto angular","46.477365000000006","592.59","1185.17","FAG"
"019117256-0000","7308-B-XL-TVP-UO","Contacto angular","46.477365000000006","592.59","1185.17","FAG"
"019117272-0000","7309-B-XL-JP","Contacto angular","48.21340500000001","614.72","1229.44","FAG"
"019117280-0000","7309-B-XL-JP-UA","Contacto angular","60.595454999999994","772.59","1545.18","FAG"
"019117299-0000","7309-B-XL-JP-UO","Contacto angular","60.595454999999994","772.59","1545.18","FAG"
"019117302-0000","7309-B-XL-MP","Contacto angular","85.997805","1096.47","2192.94","FAG"
"016726030-0000","7309-B-XL-MP-UA","Contacto angular","95.341785","1215.61","2431.22","FAG"
"088970825-0000","7309-B-XL-MP-UB","Contacto angular","95.341785","1215.61","2431.22","FAG"
"019117329-0000","7309-B-XL-MP-UO","Contacto angular","95.341785","1215.61","2431.22","FAG"
"016726049-0000","7309-B-XL-TVP","Contacto angular","41.79261","532.86","1065.71","FAG"
"019117337-0000","7309-B-XL-TVP-P5-UL","Contacto angular","123.118425","1569.76","3139.52","FAG"
"016726057-0000","7309-B-XL-TVP-UA","Contacto angular","55.770284999999994","711.07","1422.14","FAG"
"016726065-0000","7309-B-XL-TVP-UO","Contacto angular","55.770284999999994","711.07","1422.14","FAG"
"019117370-0000","7310-B-XL-JP","Contacto angular","64.76961","825.81","1651.63","FAG"
"019117388-0000","7310-B-XL-JP-UA","Contacto angular","70.02879","892.87","1785.73","FAG"
"019117396-0000","7310-B-XL-JP-UO","Contacto angular","70.02879","892.87","1785.73","FAG"
"019117400-0000","7310-B-XL-MP","Contacto angular","98.46921","1255.48","2510.96","FAG"
"016726073-0000","7310-B-XL-MP-UA","Contacto angular","108.11955","1378.52","2757.05","FAG"
"088971023-0000","7310-B-XL-MP-UB","Contacto angular","108.11955","1378.52","2757.05","FAG"
"019117426-0000","7310-B-XL-MP-UO","Contacto angular","108.11955","1378.52","2757.05","FAG"
"016726081-0000","7310-B-XL-TVP","Contacto angular","51.90249","661.76","1323.51","FAG"
"016726090-0000","7310-B-XL-TVP-UA","Contacto angular","64.28454","819.63","1639.26","FAG"
"016726103-0000","7310-B-XL-TVP-UO","Contacto angular","64.28454","819.63","1639.26","FAG"
"019117477-0000","7311-B-XL-JP","Contacto angular","69.08417999999999","880.82","1761.65","FAG"
"019117485-0000","7311-B-XL-JP-UA","Contacto angular","88.244445","1125.12","2250.23","FAG"
"016726111-0000","7311-B-XL-MP","Contacto angular","123.13118999999999","1569.92","3139.85","FAG"
"016726120-0000","7311-B-XL-MP-UA","Contacto angular","130.43277","1663.02","3326.04","FAG"
"088971562-0000","7311-B-XL-MP-UB","Contacto angular","130.43277","1663.02","3326.04","FAG"
"019117523-0000","7311-B-XL-MP-UO","Contacto angular","130.43277","1663.02","3326.04","FAG"
"016726138-0000","7311-B-XL-TVP","Contacto angular","63.64629","811.49","1622.98","FAG"
"016726146-0000","7311-B-XL-TVP-UA","Contacto angular","78.721755","1003.7","2007.4","FAG"
"016726154-0000","7311-B-XL-TVP-UO","Contacto angular","78.721755","1003.7","2007.4","FAG"
"092260055-0000","7312-B-XL-2RS-JP-L431","Contacto angular","213.81375","2726.13","5452.25","FAG"
"016726162-0000","7312-B-XL-JP","Contacto angular","88.51251","1128.53","2257.07","FAG"
"019117590-0000","7312-B-XL-JP-UA","Contacto angular","109.919415","1401.47","2802.95","FAG"
"019117604-0000","7312-B-XL-JP-UO","Contacto angular","109.919415","1401.47","2802.95","FAG"
"019117612-0000","7312-B-XL-MP","Contacto angular","134.989875","1721.12","3442.24","FAG"
"016726189-0000","7312-B-XL-MP-UA","Contacto angular","143.00629500000002","1823.33","3646.66","FAG"
"088941132-0000","7312-B-XL-MP-UB","Contacto angular","143.00629500000002","1823.33","3646.66","FAG"
"019117639-0000","7312-B-XL-MP-UO","Contacto angular","143.00629500000002","1823.33","3646.66","FAG"
"016726197-0000","7312-B-XL-TVP","Contacto angular","76.79424","979.13","1958.25","FAG"
"016726200-0000","7312-B-XL-TVP-UA","Contacto angular","94.72906499999999","1207.8","2415.59","FAG"
"038477360-0000","7312-B-XL-TVP-UL","Contacto angular","94.72906499999999","1207.8","2415.59","FAG"
"016726219-0000","7312-B-XL-TVP-UO","Contacto angular","94.72906499999999","1207.8","2415.59","FAG"
"019117663-0000","7313-B-XL-JP","Contacto angular","115.26795","1469.67","2939.33","FAG"
"019117680-0000","7313-B-XL-JP-UA","Contacto angular","126.207555","1609.15","3218.29","FAG"
"019117701-0000","7313-B-XL-JP-UO","Contacto angular","126.207555","1609.15","3218.29","FAG"
"019003285-0000","7313-B-XL-MP","Contacto angular","155.081985","1977.3","3954.59","FAG"
"016726227-0000","7313-B-XL-MP-UA","Contacto angular","164.1579","2093.01","4186.03","FAG"
"088941310-0000","7313-B-XL-MP-UB","Contacto angular","164.1579","2093.01","4186.03","FAG"
"019117728-0000","7313-B-XL-MP-UO","Contacto angular","164.1579","2093.01","4186.03","FAG"
"016726235-0000","7313-B-XL-TVP","Contacto angular","100.03930500000003","1275.5","2551","FAG"
"016726243-0000","7313-B-XL-TVP-UA","Contacto angular","116.11043999999998","1480.41","2960.82","FAG"
"016726251-0000","7313-B-XL-TVP-UO","Contacto angular","116.11043999999998","1480.41","2960.82","FAG"
"019117736-0000","7314-B-XL-JP","Contacto angular","142.036155","1810.96","3621.92","FAG"
"016726260-0000","7314-B-XL-JP-UA","Contacto angular","146.937915","1873.46","3746.92","FAG"
"019117744-0000","7314-B-XL-JP-UO","Contacto angular","146.937915","1873.46","3746.92","FAG"
"019117752-0000","7314-B-XL-MP","Contacto angular","196.95118499999998","2511.13","5022.26","FAG"
"016726278-0000","7314-B-XL-MP-UA","Contacto angular","214.57965","2735.89","5471.78","FAG"
"088941345-0000","7314-B-XL-MP-UB","Contacto angular","214.57965","2735.89","5471.78","FAG"
"019117760-0000","7314-B-XL-MP-UO","Contacto angular","214.57965","2735.89","5471.78","FAG"
"016726286-0000","7314-B-XL-TVP","Contacto angular","123.25884","1571.55","3143.1","FAG"
"016726294-0000","7314-B-XL-TVP-UA","Contacto angular","139.381035","1777.11","3554.22","FAG"
"019117787-0000","7314-B-XL-TVP-UO","Contacto angular","139.381035","1777.11","3554.22","FAG"
"019117795-0000","7315-B-XL-JP","Contacto angular","174.11460000000002","2219.96","4439.92","FAG"
"019117809-0000","7315-B-XL-JP-UA","Contacto angular","195.47044499999998","2492.25","4984.5","FAG"
"019117817-0000","7315-B-XL-JP-UO","Contacto angular","195.47044499999998","2492.25","4984.5","FAG"
"016726308-0000","7315-B-XL-MP","Contacto angular","221.613165","2825.57","5651.14","FAG"
"016726316-0000","7315-B-XL-MP-UA","Contacto angular","246.23685","3139.52","6279.04","FAG"
"088970124-0000","7315-B-XL-MP-UB","Contacto angular","246.23685","3139.52","6279.04","FAG"
"019117825-0000","7315-B-XL-MP-UO","Contacto angular","246.23685","3139.52","6279.04","FAG"
"016726332-0000","7315-B-XL-TVP","Contacto angular","160.17522","2042.23","4084.47","FAG"
"016726340-0000","7315-B-XL-TVP-UA","Contacto angular","179.85885","2293.2","4586.4","FAG"
"019117841-0000","7315-B-XL-TVP-UO","Contacto angular","179.85885","2293.2","4586.4","FAG"
"019117850-0000","7316-B-XL-JP","Contacto angular","197.83197","2522.36","5044.72","FAG"
"019117868-0000","7316-B-XL-JP-UA","Contacto angular","232.99954499999998","2970.74","5941.49","FAG"
"019117876-0000","7316-B-XL-JP-UO","Contacto angular","232.99954499999998","2970.74","5941.49","FAG"
"016726359-0000","7316-B-XL-MP","Contacto angular","262.60158","3348.17","6696.34","FAG"
"016726367-0000","7316-B-XL-MP-UA","Contacto angular","280.67682","3578.63","7157.26","FAG"
"088970795-0000","7316-B-XL-MP-UB","Contacto angular","280.67682","3578.63","7157.26","FAG"
"019117892-0000","7316-B-XL-MP-UO","Contacto angular","280.67682","3578.63","7157.26","FAG"
"016726375-0000","7316-B-XL-TVP","Contacto angular","183.61176","2341.05","4682.1","FAG"
"016726383-0000","7316-B-XL-TVP-UA","Contacto angular","207.91632","2650.93","5301.87","FAG"
"019117914-0000","7316-B-XL-TVP-UO","Contacto angular","207.91632","2650.93","5301.87","FAG"
"019003307-0000","7317-B-XL-JP","Contacto angular","251.59814999999998","3207.88","6415.75","FAG"
"019117930-0000","7317-B-XL-JP-UA","Contacto angular","295.037445","3761.73","7523.45","FAG"
"019117949-0000","7317-B-XL-JP-UO","Contacto angular","295.037445","3761.73","7523.45","FAG"
"019117957-0000","7317-B-XL-MP","Contacto angular","307.8918","3925.62","7851.24","FAG"
"016726391-0000","7317-B-XL-MP-UA","Contacto angular","327.72861","4178.54","8357.08","FAG"
"089314077-0000","7317-B-XL-MP-UB","Contacto angular","327.72861","4178.54","8357.08","FAG"
"019117981-0000","7317-B-XL-MP-UO","Contacto angular","327.72861","4178.54","8357.08","FAG"
"016726405-0000","7317-B-XL-TVP","Contacto angular","218.33255999999997","2783.74","5567.48","FAG"
"016726413-0000","7317-B-XL-TVP-UA","Contacto angular","245.713485","3132.85","6265.69","FAG"
"019117990-0000","7317-B-XL-TVP-UO","Contacto angular","245.713485","3132.85","6265.69","FAG"
"019118015-0000","7318-B-XL-JP","Contacto angular","294.42472499999997","3753.92","7507.83","FAG"
"019118023-0000","7318-B-XL-JP-UA","Contacto angular","321.85670999999996","4103.67","8207.35","FAG"
"016726421-0000","7318-B-XL-MP","Contacto angular","343.73591999999996","4382.63","8765.27","FAG"
"016726430-0000","7318-B-XL-MP-UA","Contacto angular","356.02861500000006","4539.36","9078.73","FAG"
"089314107-0000","7318-B-XL-MP-UB","Contacto angular","356.02861500000006","4539.36","9078.73","FAG"
"019118058-0000","7318-B-XL-MP-UO","Contacto angular","356.02861500000006","4539.36","9078.73","FAG"
"019118066-0000","7318-B-XL-TVP","Contacto angular","255.491475","3257.52","6515.03","FAG"
"019003315-0000","7318-B-XL-TVP-UA","Contacto angular","283.676595","3616.88","7233.75","FAG"
"019118082-0000","7318-B-XL-TVP-UO","Contacto angular","283.676595","3616.88","7233.75","FAG"
"019118090-0000","7319-B-XL-JP","Contacto angular","342.57430500000004","4367.82","8735.64","FAG"
"019118104-0000","7319-B-XL-JP-UA","Contacto angular","374.62722","4776.5","9552.99","FAG"
"019118112-0000","7319-B-XL-MP","Contacto angular","406.60354500000005","5184.2","10368.39","FAG"
"016726448-0000","7319-B-XL-MP-UA","Contacto angular","423.5427","5400.17","10800.34","FAG"
"093050720-0000","7319-B-XL-MP-UB","Contacto angular","423.5427","5400.17","10800.34","FAG"
"019118139-0000","7319-B-XL-MP-UO","Contacto angular","423.5427","5400.17","10800.34","FAG"
"019118147-0000","7319-B-XL-TVP","Contacto angular","288.38688","3676.93","7353.87","FAG"
"019118155-0000","7319-B-XL-TVP-UA","Contacto angular","336.84282","4294.75","8589.49","FAG"
"088284921-0000","7319-B-XL-TVP-UB","Contacto angular","336.84282","4294.75","8589.49","FAG"
"038848953-0000","7319-B-XL-TVP-UL","Contacto angular","336.84282","4294.75","8589.49","FAG"
"019118163-0000","7319-B-XL-TVP-UO","Contacto angular","336.84282","4294.75","8589.49","FAG"
"016726456-0000","7320-B-XL-JP","Contacto angular","412.0924949999999","5254.18","10508.36","FAG"
"019118180-0000","7320-B-XL-JP-UA","Contacto angular","444.285825","5664.64","11329.29","FAG"
"019118198-0000","7320-B-XL-JP-UO","Contacto angular","444.285825","5664.64","11329.29","FAG"
"019118201-0000","7320-B-XL-MP","Contacto angular","464.531115","5922.77","11845.54","FAG"
"016726464-0000","7320-B-XL-MP-UA","Contacto angular","478.955565","6106.68","12213.37","FAG"
"089314131-0000","7320-B-XL-MP-UB","Contacto angular","478.955565","6106.68","12213.37","FAG"
"038477408-0000","7320-B-XL-MP-UL","Contacto angular","478.955565","6106.68","12213.37","FAG"
"016726472-0000","7320-B-XL-MP-UO","Contacto angular","478.955565","6106.68","12213.37","FAG"
"019118244-0000","7320-B-XL-TVP","Contacto angular","357.68806499999994","4560.52","9121.05","FAG"
"016726480-0000","7320-B-XL-TVP-UA","Contacto angular","396.14901","5050.9","10101.8","FAG"
"019118287-0000","7320-B-XL-TVP-UO","Contacto angular","396.14901","5050.9","10101.8","FAG"
"019118295-0000","7321-B-XL-MP","Contacto angular","576.148275","7345.89","14691.78","FAG"
"019118317-0000","7321-B-XL-MP-UA","Contacto angular","562.75779","7175.16","14350.32","FAG"
"016726502-0000","7322-B-XL-TVP","Contacto angular","514.5571500000001","6560.6","13121.21","FAG"
"016726510-0000","7322-B-XL-TVP-UA","Contacto angular","525.81588","6704.15","13408.3","FAG"
"019118406-0000","7322-B-XL-TVP-UO","Contacto angular","525.81588","6704.15","13408.3","FAG"
"000509663-0000","BK0306-TV-A","Agujas","5.259735","67.06","134.12","INA"
"009775811-0000","BK0408-B","Agujas","5.259735","67.06","134.12","INA"
"001197568-0000","BK0509-B","Agujas","5.154840000000001","65.72","131.45","INA"
"006001190-0000","BK0609","Agujas","5.154840000000001","65.72","131.45","INA"
"001197797-0000","BK0609-B","Agujas","5.154840000000001","65.72","131.45","INA"
"001197614-0000","BK0709-B","Agujas","5.154840000000001","65.72","131.45","INA"
"001197649-0000","BK0808-B","Agujas","5.259735","67.06","134.12","INA"
"006001203-0000","BK0810","Agujas","5.229765000000001","66.68","133.36","INA"
"001197665-0000","BK0810-B","Agujas","5.229765000000001","66.68","133.36","INA"
"001197860-0000","BK0910-B","Agujas","5.259735","67.06","134.12","INA"
"001197800-0000","BK0912-B","Agujas","5.304690000000001","67.63","135.27","INA"
"001197690-0000","BK1010-B","Agujas","5.304690000000001","67.63","135.27","INA"
"006001211-0000","BK1010-HLA","Agujas","5.304690000000001","67.63","135.27","INA"
"001197827-0000","BK1012-B","Agujas","6.5184750000000005","83.11","166.22","INA"
"006001220-0000","BK1012-HLA","Agujas","6.5184750000000005","83.11","166.22","INA"
"005046297-0000","BK1015-B","Agujas","7.417575000000001","94.57","189.15","INA"
"001197711-0000","BK1210-B","Agujas","5.679315","72.41","144.82","INA"
"000177229-0000","BK1212-A","Agujas","5.994000000000001","76.42","152.85","INA"
"000177229-0968","BK1212-A-L271","Agujas","5.994000000000001","76.42","152.85","INA"
"000176966-0000","BK1312-A","Agujas","8.811180000000002","112.34","224.69","INA"
"000176974-0000","BK1412-A","Agujas","6.3686250000000015","81.2","162.4","INA"
"000707562-0968","BK1414-RS-L271","Agujas","9.02097","115.02","230.03","INA"
"000534994-0000","BK1512","Agujas","7.282710000000002","92.85","185.71","INA"
"000707570-0968","BK1514-RS-L271","Agujas","14.175810000000002","180.74","361.48","INA"
"000176990-0000","BK1516-A","Agujas","6.71328","85.59","171.19","INA"
"000177008-0000","BK1612-A","Agujas","8.166825000000001","104.13","208.25","INA"
"000707589-0968","BK1614-RS-L271","Agujas","10.654335000000001","135.84","271.69","INA"
"000177016-0000","BK1616-A","Agujas","6.8931000000000004","87.89","175.77","INA"
"000195413-0000","BK1622-ZW-A","Agujas","22.702275000000007","289.45","578.91","INA"
"000177032-0000","BK1812-A","Agujas","17.14284","218.57","437.14","INA"
"000177040-0000","BK1816-A","Agujas","9.395595","119.79","239.59","INA"
"000177059-0000","BK2016-A","Agujas","8.84115","112.72","225.45","INA"
"000226947-0000","BK2016-AS1","Agujas","8.916075000000003","113.68","227.36","INA"
"000707597-0968","BK2018-RS-L271","Agujas","10.924065","139.28","278.56","INA"
"000177067-0000","BK2020-A","Agujas","10.699290000000003","136.42","272.83","INA"
"000177075-0000","BK2216-A","Agujas","10.159830000000003","129.54","259.08","INA"
"000177091-0000","BK2516-A","Agujas","18.146835000000003","231.37","462.74","INA"
"000707600-0968","BK2518-RS-L271","Agujas","11.988000000000001","152.85","305.69","INA"
"000177105-0000","BK2520","Agujas","10.4895","133.74","267.48","INA"
"000177113-0000","BK2526-A","Agujas","10.4895","133.74","267.48","INA"
"000177121-0000","BK2538-ZW-A","Agujas","14.580405000000003","185.9","371.8","INA"
"000177172-0000","BK3016","Agujas","19.165815000000002","244.36","488.73","INA"
"000177180-0000","BK3020","Agujas","11.718270000000004","149.41","298.82","INA"
"000177199-0000","BK3026","Agujas","11.703285000000001","149.22","298.43","INA"
"006001254-0000","BK3026-HLA","Agujas","11.703285000000001","149.22","298.43","INA"
"000195421-0000","BK3038-ZW","Agujas","16.54344","210.93","421.86","INA"
"000245372-0000","BK3520-A","Agujas","15.044940000000002","191.82","383.65","INA"
"000245356-0000","BK4020-A","Agujas","14.430555000000005","183.99","367.98","INA"
"000197157-0000","BK4520-A","Agujas","34.58538000000001","440.96","881.93","INA"
"000196053-0000","BK5025-A","Agujas","34.58538000000001","440.96","881.93","INA"
"000831522-0000","FLCTE12-XL","Soportes de chumacera","42.28767000000001","539.17","1078.34","INA"
"000831530-0000","FLCTE15-XL","Soportes de chumacera","42.28767000000001","539.17","1078.34","INA"
"000831549-0000","FLCTE17-XL","Soportes de chumacera","42.28767000000001","539.17","1078.34","INA"
"000831557-0000","FLCTE20-XL","Soportes de chumacera","44.655300000000004","569.36","1138.71","INA"
"000831565-0000","FLCTE25-XL","Soportes de chumacera","48.73122000000001","621.32","1242.65","INA"
"096953489-0000","FLCTE25-XL-SSA","Soportes de chumacera","48.73122000000001","621.32","1242.65","INA"
"000831271-0000","FLCTE30-XL","Soportes de chumacera","58.86108","750.48","1500.96","INA"
"000831298-0000","FLCTE35-XL","Soportes de chumacera","69.39553500000002","884.79","1769.59","INA"
"000893820-0000","FLCTE40-XL","Soportes de chumacera","81.02389500000001","1033.05","2066.11","INA"
"000932914-0000","FLCTEY15-XL","Soportes de chumacera","41.88307500000001","534.01","1068.02","INA"
"000932922-0000","FLCTEY17-XL","Soportes de chumacera","42.25770000000001","538.79","1077.57","INA"
"000883492-0000","FLCTEY20-XL","Soportes de chumacera","42.94701000000001","547.57","1095.15","INA"
"000842451-0000","FLCTEY25-XL","Soportes de chumacera","44.01094500000001","561.14","1122.28","INA"
"096951940-0000","FLCTEY25-XL-SSA","Soportes de chumacera","62.247690000000006","793.66","1587.32","INA"
"000893870-0000","FLCTEY30-XL","Soportes de chumacera","53.72122500000001","684.95","1369.89","INA"
"000891568-0000","FLCTEY35-XL","Soportes de chumacera","63.04189500000001","803.78","1607.57","INA"
"000901520-0000","FLCTEY40-XL","Soportes de chumacera","72.78214500000001","927.97","1855.94","INA"
"000805513-0000","GRAE12-XL-NPP-B","Soportes de chumacera","26.58339","338.94","677.88","INA"
"000849278-0000","GRAE15-XL-NPP-B","Soportes de chumacera","26.58339","338.94","677.88","INA"
"000849316-0000","GRAE17-XL-NPP-B","Soportes de chumacera","26.58339","338.94","677.88","INA"
"050332988-0000","GRAE20-NPP-B-AS2/V","Soportes de chumacera","37.927035000000004","483.57","967.14","INA"
"000840424-0000","GRAE20-NPP-B-FA106","Soportes de chumacera","43.591365","555.79","1111.58","INA"
"000849340-0000","GRAE20-XL-NPP-B","Soportes de chumacera","29.265705000000004","373.14","746.28","INA"
"002828065-0000","GRAE20-XL-NPP-B-FA125.5","Soportes de chumacera","36.908055000000004","470.58","941.16","INA"
"007615930-0000","GRAE25-NPP-B-FA107/125.5","Soportes de chumacera","44.625330000000005","568.97","1137.95","INA"
"000849375-0000","GRAE25-XL-NPP-B","Soportes de chumacera","31.64832000000001","403.52","807.03","INA"
"003568482-0000","GRAE30-208-NPP-B-AH01","Soportes de chumacera","142.86699000000004","1821.55","3643.11","INA"
"000840246-0000","GRAE30-NPP-B-FA106","Soportes de chumacera","42.82713","546.05","1092.09","INA"
"000849405-0000","GRAE30-XL-NPP-B","Soportes de chumacera","37.687275","480.51","961.03","INA"
"002828081-0000","GRAE30-XL-NPP-B-FA125.5","Soportes de chumacera","47.742210000000014","608.71","1217.43","INA"
"000849448-0000","GRAE35-XL-NPP-B","Soportes de chumacera","46.03392000000001","586.93","1173.86","INA"
"003566757-0000","GRAE40-NPP-B-AH08","Soportes de chumacera","253.69605000000004","3234.62","6469.25","INA"
"000849472-0000","GRAE40-XL-NPP-B","Soportes de chumacera","55.65429000000001","709.59","1419.18","INA"
"000849502-0000","GRAE45-XL-NPP-B","Soportes de chumacera","66.5334","848.3","1696.6","INA"
"000839752-0000","GRAE50-NPP-B-FA106","Soportes de chumacera","94.210695","1201.19","2402.37","INA"
"000849537-0000","GRAE50-XL-NPP-B","Soportes de chumacera","71.76316500000001","914.98","1829.96","INA"
"069343144-0000","GRAE55-NPP-B-FA107","Soportes de chumacera","94.25565","1201.76","2403.52","INA"
"013132202-0000","GRAE55-XL-NPP-B","Soportes de chumacera","88.90600500000001","1133.55","2267.1","INA"
"000861715-0000","GRAE60-NPP-B-FA106","Soportes de chumacera","153.86598000000004","1961.79","3923.58","INA"
"000849561-0000","GRAE60-XL-NPP-B","Soportes de chumacera","116.91297","1490.64","2981.28","INA"
"000970662-0000","GYE12-XL-KRR-B","Soportes de chumacera","24.950025","318.11","636.23","INA"
"053091884-0000","GYE15-KRR-B-VA-HLA","Soportes de chumacera","120.17970000000001","1532.29","3064.58","INA"
"000970646-0000","GYE15-XL-KRR-B","Soportes de chumacera","24.950025","318.11","636.23","INA"
"000970611-0000","GYE16-XL-KRR-B","Soportes de chumacera","25.204770000000003","321.36","642.72","INA"
"000970581-0000","GYE17-XL-KRR-B","Soportes de chumacera","24.950025","318.11","636.23","INA"
"051208369-0000","GYE20-KRR-B-VA-HLA","Soportes de chumacera","143.72113500000003","1832.44","3664.89","INA"
"000808938-0000","GYE20-XL-KRR-B","Soportes de chumacera","24.950025","318.11","636.23","INA"
"051061767-0000","GYE25-KRR-B-VA-HLA","Soportes de chumacera","130.294575","1661.26","3322.51","INA"
"000810002-0000","GYE25-XL-KRR-B","Soportes de chumacera","28.86111000000001","367.98","735.96","INA"
"051062194-0000","GYE30-KRR-B-VA-HLA","Soportes de chumacera","157.91193","2013.38","4026.75","INA"
"000864072-0000","GYE30-XL-KRR-B","Soportes de chumacera","35.199765","448.8","897.59","INA"
"000812447-0000","GYE35-XL-KRR-B","Soportes de chumacera","42.542415000000005","542.42","1084.83","INA"
"000813915-0000","GYE40-XL-KRR-B","Soportes de chumacera","50.97897000000002","649.98","1299.96","INA"
"051805430-0000","GYE45-KRR-B-FA107-VA-HLA","Soportes de chumacera","160.96887","2052.35","4104.71","INA"
"000815004-0000","GYE45-XL-KRR-B","Soportes de chumacera","56.853089999999995","724.88","1449.75","INA"
"000815861-0000","GYE50-XL-KRR-B","Soportes de chumacera","64.42051500000001","821.36","1642.72","INA"
"000935131-0000","GYE55-XL-KRR-B","Soportes de chumacera","83.64627000000002","1066.49","2132.98","INA"
"000935204-0000","GYE60-XL-KRR-B","Soportes de chumacera","109.61527500000003","1397.59","2795.19","INA"
"000935360-0000","GYE65-214-XL-KRR-B","Soportes de chumacera","196.91788499999998","2510.7","5021.41","INA"
"000935832-0000","GYE70-XL-KRR-B","Soportes de chumacera","194.86494000000005","2484.53","4969.06","INA"
"000935247-0000","GYE75-XL-KRR-B","Soportes de chumacera","219.21556500000003","2795","5590","INA"
"000956139-0000","GYE80-XL-KRR-B","Soportes de chumacera","267.93180000000007","3416.13","6832.26","INA"
"001545361-0000","HK0306-TV-A","Agujas","4.765230000000001","60.76","121.51","INA"
"001545361-1193","HK0306-TV-A-L178","Agujas","4.05927","51.76","103.51","FAG"
"001545361-0968","HK0306-TV-A-L271","Agujas","5.259735","67.06","134.12","INA"
"001198025-0000","HK0408-B","Agujas","4.765230000000001","60.76","121.51","INA"
"006006566-0000","HK0509","Agujas","4.630365","59.04","118.07","INA"
"001197550-0000","HK0509-B","Agujas","4.630365","59.04","118.07","INA"
"001197576-0000","HK0608-B","Agujas","4.630365","59.04","118.07","INA"
"009518380-0000","HK0608-C","Agujas","4.630365","59.04","118.07","INA"
"009518380-0702","HK0608-C-L271/STD","Agujas","4.630365","59.04","118.07","INA"
"006006604-0000","HK0609","Agujas","4.690305","59.8","119.6","INA"
"001197592-0000","HK0609-AS1-B","Agujas","6.818175000000002","86.93","173.86","INA"
"001197584-0000","HK0609-B","Agujas","4.630365","59.04","118.07","INA"
"006006604-0702","HK0609-L271/STD","Agujas","4.630365","59.04","118.07","INA"
"001197606-0000","HK0709-B","Agujas","4.630365","59.04","118.07","INA"
"006006647-0000","HK0709-HLA","Agujas","4.630365","59.04","118.07","INA"
"006006655-0000","HK0808","Agujas","4.690305","59.8","119.6","INA"
"001197630-0000","HK0808-B","Agujas","4.765230000000001","60.76","121.51","INA"
"006006701-0702","HK0810-A-L271/STD","Agujas","4.765230000000001","60.76","121.51","INA"
"001197673-0000","HK0810-AS1-B","Agujas","7.012980000000001","89.42","178.83","INA"
"006006701-0000","HK0810-A-UG","Agujas","4.690305","59.8","119.6","INA"
"001197657-0000","HK0810-B","Agujas","4.765230000000001","60.76","121.51","INA"
"007584806-0968","HK0810-RS-FPM-B-L271","Agujas","6.488505000000001","82.73","165.46","INA"
"006006752-0702","HK0810-RS-HLA-L271/STD","Agujas","6.488505000000001","82.73","165.46","INA"
"007448856-0968","HK0812-2RS-FPM-DK-B-L271","Agujas","7.3276650000000005","93.43","186.86","INA"
"006006795-0702","HK0812-2RS-HLA-L271/STD","Agujas","7.3276650000000005","93.43","186.86","INA"
"009216537-0702","HK0812-RS-HLA-L271/STD","Agujas","7.852140000000001","100.11","200.23","INA"
"000189553-0000","HK0908-B","Agujas","4.765230000000001","60.76","121.51","INA"
"001197878-0000","HK0910-B","Agujas","4.7952","61.14","122.28","INA"
"006006876-0000","HK0910-HLA","Agujas","4.690305","59.8","119.6","INA"
"001197843-0000","HK0912-B","Agujas","4.7952","61.14","122.28","INA"
"001197703-0000","HK1010-AS1-B","Agujas","7.042950000000001","89.8","179.6","INA"
"001197681-0000","HK1010-B","Agujas","4.7952","61.14","122.28","INA"
"006006892-0000","HK1010-HLA","Agujas","4.690305","59.8","119.6","INA"
"007448775-1193","HK1012-2RS-FPM-DK-B-L178","Agujas","9.470520000000002","120.75","241.5","INA"
"001197754-0000","HK1012-AS1-B","Agujas","6.428565000000002","81.96","163.93","INA"
"001197738-0000","HK1012-B","Agujas","5.1248700000000005","65.34","130.68","INA"
"006006922-0000","HK1012-HLA","Agujas","4.690305","59.8","119.6","INA"
"012655430-0968","HK1012-RS-FPM-B-L271","Agujas","6.653340000000001","84.83","169.66","INA"
"000053295-0968","HK1014-2RS-FPM-B-L271","Agujas","7.417575000000001","94.57","189.15","INA"
"000060461-0000","HK1015-AS1-B","Agujas","16.678305","212.65","425.3","INA"
"000183482-0000","HK1015-B","Agujas","5.3946000000000005","68.78","137.56","INA"
"001197720-0000","HK1210-AS1-B","Agujas","6.428565000000002","81.96","163.93","INA"
"000538418-0000","HK1210-B","Agujas","5.1248700000000005","65.34","130.68","INA"
"006007023-0000","HK1210-HLA","Agujas","5.1248700000000005","65.34","130.68","INA"
"000060429-0000","HK1212-AS1-B","Agujas","6.398595","81.58","163.16","INA"
"000059196-0000","HK1212-B","Agujas","5.3946000000000005","68.78","137.56","INA"
"006007040-0000","HK1212-HLA","Agujas","5.1248700000000005","65.34","130.68","INA"
"006007040-0716","HK1212-HLA-L025/50","Agujas","5.1248700000000005","65.34","130.68","INA"
"000048712-0968","HK1214-2RS-FPM-L271","Agujas","10.189800000000002","129.92","259.84","INA"
"000700134-0968","HK1214-RS-L271","Agujas","7.3276650000000005","93.43","186.86","INA"
"001403737-0968","HK1216-2RS-AS1-L271","Agujas","14.205780000000004","181.12","362.25","INA"
"000700142-0968","HK1216-2RS-L271","Agujas","8.196795","104.51","209.02","INA"
"006007074-0000","HK1216-HLA","Agujas","5.799195000000002","73.94","147.88","INA"
"000060615-0000","HK1312-AS1-B","Agujas","8.586405000000001","109.48","218.95","INA"
"000059277-0000","HK1312-B","Agujas","5.484510000000002","69.93","139.86","INA"
"000060496-0000","HK1412-AS1-B","Agujas","7.012980000000001","89.42","178.83","INA"
"000059218-0000","HK1412-B","Agujas","5.679315","72.41","144.82","INA"
"000700169-0968","HK1414-RS-L271","Agujas","7.882110000000001","100.5","200.99","INA"
"001386158-0968","HK1416-2RS-AS1-L271","Agujas","12.452535000000005","158.77","317.54","INA"
"000700177-0968","HK1416-2RS-L271","Agujas","8.646345000000002","110.24","220.48","INA"
"003737209-0000","HK1512-AS1-B","Agujas","7.042950000000001","89.8","179.6","INA"
"003655962-0000","HK1512-B","Agujas","5.709285000000001","72.79","145.59","INA"
"000700193-0968","HK1514-RS-L271","Agujas","7.912080000000002","100.88","201.76","INA"
"000700207-0968","HK1516-2RS-L271","Agujas","8.84115","112.72","225.45","INA"
"000060364-0000","HK1516-AS1-B","Agujas","7.417575000000001","94.57","189.15","INA"
"000059242-0000","HK1516-B","Agujas","6.008985","76.61","153.23","INA"
"010277560-0968","HK1518-RS-HLI-L271","Agujas","10.354635000000004","132.02","264.04","INA"
"001714759-0968","HK1520-2RS-L271","Agujas","10.549440000000002","134.51","269.01","INA"
"000181021-0000","HK1522-ZW","Agujas","7.522470000000001","95.91","191.82","INA"
"000060593-0000","HK1612-AS1-B","Agujas","7.207785000000001","91.9","183.8","INA"
"000059250-0000","HK1612-B","Agujas","5.799195000000002","73.94","147.88","INA"
"000700029-0968","HK1614-RS-L271","Agujas","7.957035000000001","101.45","202.9","INA"
"000700037-0968","HK1616-2RS-L271","Agujas","9.02097","115.02","230.03","INA"
"000060399-0000","HK1616-AS1-B","Agujas","7.5973950000000015","96.87","193.73","INA"
"000059269-0000","HK1616-B","Agujas","6.233760000000001","79.48","158.96","INA"
"000762083-0968","HK1620-2RS-L271","Agujas","9.500490000000001","121.13","242.26","INA"
"000181013-0000","HK1622-ZW","Agujas","8.226765000000002","104.89","209.78","INA"
"000060500-0000","HK1712-AS1-B","Agujas","12.857130000000002","163.93","327.86","INA"
"000059226-0000","HK1712-B","Agujas","6.038955000000001","77","153.99","INA"
"000059331-0000","HK1812-B","Agujas","6.218775000000001","79.29","158.58","INA"
"000701017-0968","HK1814-RS-L271","Agujas","8.586405000000001","109.48","218.95","INA"
"000701025-0968","HK1816-2RS-L271","Agujas","9.560430000000002","121.9","243.79","INA"
"000060631-0000","HK1816-AS1-B","Agujas","8.061930000000002","102.79","205.58","INA"
"000059285-0000","HK1816-B","Agujas","6.71328","85.59","171.19","INA"
"006007120-0000","HK2010","Agujas","7.762230000000001","98.97","197.94","INA"
"011407450-0000","HK2010-B","Agujas","6.428565000000002","81.96","163.93","INA"
"000060690-0000","HK2012-AS1-B","Agujas","7.762230000000001","98.97","197.94","INA"
"000059293-0000","HK2012-B","Agujas","6.3686250000000015","81.2","162.4","INA"
"001749129-0968","HK2016-2RS-AS1-L271","Agujas","25.798064999999998","328.93","657.85","FAG"
"000700983-0968","HK2016-2RS-L271","Agujas","9.890100000000002","126.1","252.2","INA"
"003593088-0000","HK2016-AS1-B","Agujas","8.316675","106.04","212.08","INA"
"003436365-0000","HK2016-B","Agujas","6.938055","88.46","176.92","INA"
"000700975-0968","HK2018-RS-L271","Agujas","9.440550000000002","120.37","240.73","INA"
"000792047-0968","HK2020-2RS-AS1-L271","Agujas","11.868120000000003","151.32","302.64","INA"
"000700967-0968","HK2020-2RS-L271","Agujas","10.4895","133.74","267.48","INA"
"000036226-0000","HK2020-AS1-B","Agujas","9.02097","115.02","230.03","INA"
"000036196-0000","HK2020-B","Agujas","7.672320000000002","97.82","195.64","INA"
"092582540-0000","HK2020-B-C01","Agujas","7.672320000000002","97.82","195.64","INA"
"006007201-0000","HK2020-HLA","Agujas","7.672320000000002","97.82","195.64","INA"
"006007201-0824","HK2020-HLA-L109/40","Agujas","8.421570000000003","107.38","214.75","INA"
"000173428-0000","HK2030-ZW","Agujas","10.609380000000002","135.27","270.54","INA"
"009031413-0000","HK2210-B","Agujas","8.496495000000001","108.33","216.66","INA"
"000060704-0000","HK2212-AS1-B","Agujas","8.031960000000002","102.41","204.81","INA"
"000059340-0000","HK2212-B","Agujas","6.698295000000002","85.4","170.81","INA"
"000701041-0968","HK2214-RS-L271","Agujas","9.245745000000001","117.88","235.77","INA"
"000701149-0968","HK2216-2RS-L271","Agujas","10.384605","132.4","264.81","INA"
"005783429-0000","HK2216-AS1-C","Agujas","8.736255000000002","111.39","222.77","INA"
"009117903-0000","HK2216-C","Agujas","7.3876050000000015","94.19","188.38","INA"
"000701068-0968","HK2218-RS-L271","Agujas","10.099890000000004","128.77","257.55","INA"
"000757306-0968","HK2220-2RS-AS1-L271","Agujas","14.265720000000002","181.89","363.78","INA"
"000701157-0968","HK2220-2RS-L271","Agujas","11.118870000000001","141.77","283.53","INA"
"000036366-0000","HK2220-AS1-B","Agujas","9.245745000000001","117.88","235.77","INA"
"000036358-0000","HK2220-B","Agujas","7.957035000000001","101.45","202.9","INA"
"003737497-0000","HK2512-AS1-B","Agujas","12.677310000000002","161.64","323.27","INA"
"003436810-0000","HK2512-B","Agujas","7.1178750000000015","90.75","181.51","INA"
"000700045-0968","HK2516-2RS-L271","Agujas","10.819170000000003","137.94","275.89","INA"
"003737535-0000","HK2516-AS1-B","Agujas","13.45653","171.57","343.14","INA"
"003737519-0000","HK2516-B","Agujas","7.672320000000002","97.82","195.64","INA"
"006007210-0000","HK2516-HLA","Agujas","7.237755000000001","92.28","184.56","INA"
"000720194-0968","HK2518-RS-AS1-L271","Agujas","14.580405000000003","185.9","371.8","INA"
"000675474-0968","HK2518-RS-L271","Agujas","10.4895","133.74","267.48","INA"
"000721182-0968","HK2520-2RS-AS1-L271","Agujas","12.947040000000003","165.07","330.15","INA"
"000700053-0968","HK2520-2RS-L271","Agujas","11.493495000000003","146.54","293.08","INA"
"006754945-0000","HK2520-AS1-B","Agujas","9.560430000000002","121.9","243.79","INA"
"006754910-0000","HK2520-B","Agujas","8.241750000000001","105.08","210.16","INA"
"006007228-0000","HK2520-HLA","Agujas","8.241750000000001","105.08","210.16","INA"
"001506609-0968","HK2524-2RS-AS1-L271","Agujas","16.558425000000003","211.12","422.24","INA"
"000701858-0968","HK2524-2RS-L271","Agujas","14.160825","180.55","361.1","INA"
"000173649-0000","HK2526","Agujas","9.440550000000002","120.37","240.73","INA"
"000229172-0000","HK2526-AS1","Agujas","10.384605000000002","132.4","264.81","INA"
"000701831-0968","HK2530-2RS-L271","Agujas","13.66632","174.25","348.49","INA"
"000173460-0000","HK2538-ZW","Agujas","13.06692","166.6","333.21","INA"
"003682919-0000","HK2816-B","Agujas","8.166825000000001","104.13","208.25","INA"
"003682919-0968","HK2816-B-L271","Agujas","9.02097","115.02","230.03","INA"
"000790885-0968","HK2820-2RS-L271","Agujas","12.227760000000002","155.9","311.81","INA"
"006667210-0000","HK2820-AS1-B","Agujas","10.084905000000003","128.58","257.17","INA"
"006666060-0000","HK2820-B","Agujas","8.646345000000002","110.24","220.48","INA"
"006666060-0716","HK2820-B-L025/50","Agujas","8.646345000000002","110.24","220.48","INA"
"009643877-0000","HK3012-A","Agujas","7.867125000000001","100.31","200.61","INA"
"003873625-0000","HK3012-AS1-B","Agujas","9.14085","116.55","233.09","INA"
"001032593-0000","HK3012-B","Agujas","7.867125000000001","100.31","200.61","INA"
"000790990-0968","HK3016-2RS-L271","Agujas","11.823165000000003","150.75","301.49","INA"
"003737594-0000","HK3016-B","Agujas","8.646345000000002","110.24","220.48","INA"
"000791008-0968","HK3018-RS-L271","Agujas","11.718270000000004","149.41","298.82","INA"
"001264605-0968","HK3020-2RS-AS1-L271","Agujas","15.074910000000003","192.21","384.41","INA"
"000790974-0968","HK3020-2RS-L271","Agujas","12.947040000000003","165.07","330.15","INA"
"006755046-0000","HK3020-AS1-B","Agujas","10.4895","133.74","267.48","INA"
"006754953-0000","HK3020-B","Agujas","9.14085","116.55","233.09","INA"
"001395874-0968","HK3024-2RS-L271","Agujas","13.51647","172.33","344.67","INA"
"000173827-0000","HK3026","Agujas","10.609380000000002","135.27","270.54","INA"
"000229237-0000","HK3026-AS1","Agujas","14.925060000000004","190.29","380.59","INA"
"000181005-0000","HK3038-ZW","Agujas","14.925060000000004","190.29","380.59","INA"
"003737616-0000","HK3512-B","Agujas","9.410580000000001","119.98","239.97","INA"
"003737616-0968","HK3512-B-L271","Agujas","9.410580000000001","119.98","239.97","INA"
"000790931-0968","HK3516-2RS-L271","Agujas","13.981005000000003","178.26","356.52","INA"
"007514476-0000","HK3516-AS1-B","Agujas","17.397585","221.82","443.64","INA"
"007514450-0000","HK3516-B","Agujas","10.174815000000002","129.73","259.46","INA"
"006007260-0000","HK3516-HLA","Agujas","10.174815000000002","129.73","259.46","INA"
"000790923-0968","HK3518-RS-L271","Agujas","13.726260000000002","175.01","350.02","INA"
"001417134-0968","HK3520-2RS-AS1-L271","Agujas","16.198785000000004","206.53","413.07","INA"
"000790958-0968","HK3520-2RS-L271","Agujas","14.955030000000002","190.68","381.35","INA"
"006810047-0000","HK3520-AS1-B","Agujas","12.197790000000003","155.52","311.04","INA"
"006810004-0000","HK3520-B","Agujas","10.819170000000003","137.94","275.89","INA"
"003737675-0000","HK4012-B","Agujas","11.523465","146.92","293.85","INA"
"006007279-0000","HK4012-HLA","Agujas","11.523465","146.92","293.85","INA"
"000256323-0968","HK4016-2RS-A-L271","Agujas","16.39359","209.02","418.04","INA"
"003737225-0000","HK4016-B","Agujas","12.13785","154.76","309.52","INA"
"000683116-0968","HK4018-RS-A-L271","Agujas","15.929055000000004","203.1","406.19","INA"
"000248835-0968","HK4020-2RS-A-L271","Agujas","17.127855","218.38","436.76","INA"
"001708937-0968","HK4020-2RS-AS1-A-L271","Agujas","25.279695000000007","322.32","644.63","INA"
"004112016-0000","HK4020-AS1-B","Agujas","18.04194","230.03","460.07","INA"
"007504187-0000","HK4020-B","Agujas","13.051935000000004","166.41","332.82","INA"
"006810055-0000","HK4512-B","Agujas","15.16482","193.35","386.7","INA"
"006007333-0000","HK4516-A-HLA","Agujas","13.66632","174.25","348.49","INA"
"000256331-0968","HK4518-RS-A-L271","Agujas","17.877105","227.93","455.87","INA"
"000256366-0968","HK4520-2RS-A-L271","Agujas","19.165815000000002","244.36","488.73","INA"
"004112040-0000","HK4520-AS1-B","Agujas","16.378605","208.83","417.65","INA"
"004112032-0000","HK4520-B","Agujas","14.955030000000002","190.68","381.35","INA"
"000193658-0000","HK5020","Agujas","17.067915000000003","217.62","435.23","INA"
"000026565-0000","HK5020-AS1","Agujas","18.506475000000002","235.96","471.92","INA"
"006007392-0000","HK5020-HLA","Agujas","17.067915000000003","217.62","435.23","INA"
"006007392-0758","HK5020-HLA-L019/60","Agujas","14.539335000000001","185.38","370.75","FAG"
"006007392-0702","HK5020-HLA-L271/STD","Agujas","17.067915000000003","217.62","435.23","INA"
"000245259-0968","HK5022-RS-A-L271","Agujas","22.08789","281.62","563.24","INA"
"000245240-0968","HK5024-2RS-A-L271","Agujas","23.316660000000002","297.29","594.57","INA"
"000193666-0000","HK5025","Agujas","18.641340000000003","237.68","475.35","INA"
"000127035-0000","HK5025-AS1","Agujas","19.390590000000003","247.23","494.46","INA"
"000095907-0000","HK50X57X16","Agujas","44.53542","567.83","1135.65","INA"
"006007430-0000","HK5520-HLA","Agujas","17.832150000000006","227.36","454.72","INA"
"000051470-0000","HK5528","Agujas","30.479490000000002","388.61","777.23","INA"
"000184128-0000","HK6012","Agujas","17.067915000000003","217.62","435.23","INA"
"000273236-0000","HK6020","Agujas","24.74023500000001","315.44","630.88","INA"
"000282650-0000","HK6032","Agujas","33.67129500000001","429.31","858.62","INA"
"000715697-0000","HK6032-AS1","Agujas","35.0649","447.08","894.15","INA"
"000827851-0000","PASE15-XL","Soportes de chumacera","43.29166500000001","551.97","1103.94","INA"
"000827878-0000","PASE17-XL","Soportes de chumacera","43.29166500000001","551.97","1103.94","INA"
"009641181-0000","PASE20-XL-N","Soportes de chumacera","44.655300000000004","569.36","1138.71","INA"
"007642784-0000","PASE20-XL-N-FA125","Soportes de chumacera","65.36457000000001","833.4","1666.8","INA"
"009642315-0000","PASE25-XL-N","Soportes de chumacera","50.454495000000016","643.29","1286.59","INA"
"094574820-0000","PASE30-N-FA106","Soportes de chumacera","64.93000500000001","827.86","1655.72","INA"
"094512850-0000","PASE30-XL-N","Soportes de chumacera","60.10483500000001","766.34","1532.67","INA"
"009642382-0000","PASE30-XL-N-I","Soportes de chumacera","60.10483500000001","766.34","1532.67","INA"
"094508429-0000","PASE35-XL-N","Soportes de chumacera","70.62430500000002","900.46","1800.92","INA"
"009642455-0000","PASE35-XL-N-I","Soportes de chumacera","70.62430500000002","900.46","1800.92","INA"
"094560889-0000","PASE40-XL-N","Soportes de chumacera","82.432485","1051.01","2102.03","INA"
"009642544-0000","PASE40-XL-N-I","Soportes de chumacera","82.432485","1051.01","2102.03","INA"
"000827932-0000","PASE45-XL","Soportes de chumacera","99.89001000000002","1273.6","2547.2","INA"
"094569959-0000","PASE50-XL-N","Soportes de chumacera","110.85903000000003","1413.45","2826.91","INA"
"009642668-0000","PASE50-XL-N-I","Soportes de chumacera","110.85903000000003","1413.45","2826.91","INA"
"000972398-0000","PASE55-XL","Soportes de chumacera","143.33152500000003","1827.48","3654.95","INA"
"094571023-0000","PASE60-XL-N","Soportes de chumacera","177.00282","2256.79","4513.57","INA"
"009642765-0000","PASE60-XL-N-I","Soportes de chumacera","177.00282","2256.79","4513.57","INA"
"000929204-0000","PASEY15-XL","Soportes de chumacera","39.455505","503.06","1006.12","INA"
"000882062-0000","PASEY20-XL-N","Soportes de chumacera","39.455505","503.06","1006.12","INA"
"000882070-0000","PASEY25-XL-N","Soportes de chumacera","46.69326000000001","595.34","1190.68","INA"
"000882089-0000","PASEY30-XL-N-I","Soportes de chumacera","55.789155","711.31","1422.62","INA"
"094613010-0000","PASEY35-XL-N","Soportes de chumacera","65.529405","835.5","1671","INA"
"000884960-0000","PASEY35-XL-N-I","Soportes de chumacera","65.529405","835.5","1671","INA"
"094513120-0000","PASEY40-XL-N","Soportes de chumacera","75.02989500000001","956.63","1913.26","INA"
"000884294-0000","PASEY40-XL-N-I","Soportes de chumacera","75.02989500000001","956.63","1913.26","INA"
"000949205-0000","PASEY45-XL","Soportes de chumacera","86.478435","1102.6","2205.2","INA"
"094571058-0000","PASEY50-XL-N","Soportes de chumacera","99.89001000000002","1273.6","2547.2","INA"
"000949213-0000","PASEY50-XL-N-I","Soportes de chumacera","99.89001000000002","1273.6","2547.2","INA"
"094571090-0000","PASEY60-XL-N","Soportes de chumacera","167.68215000000004","2137.95","4275.89","INA"
"000949221-0000","PASEY60-XL-N-I","Soportes de chumacera","167.68215000000004","2137.95","4275.89","INA"
"000948098-0000","PCJ15-XL","Soportes de chumacera","43.29166500000001","551.97","1103.94","INA"
"009640878-0000","PCJ20-XL-N","Soportes de chumacera","45.988965000000015","586.36","1172.72","INA"
"009640908-0000","PCJ25-XL-N","Soportes de chumacera","50.454495000000016","643.29","1286.59","INA"
"009627170-0000","PCJ25-XL-N-FA125","Soportes de chumacera","84.47044500000001","1077","2154","INA"
"009640924-0000","PCJ30-XL-N","Soportes de chumacera","60.10483500000001","766.34","1532.67","INA"
"009627260-0000","PCJ30-XL-N-FA125-I","Soportes de chumacera","99.05085","1262.9","2525.8","INA"
"096951877-0000","PCJ30-XL-N-SSA","Soportes de chumacera","64.64529","824.23","1648.45","INA"
"009640959-0000","PCJ35-XL-N","Soportes de chumacera","70.62430500000002","900.46","1800.92","INA"
"009627316-0000","PCJ35-XL-N-FA125","Soportes de chumacera","115.29459000000001","1470.01","2940.01","INA"
"009641009-0000","PCJ40-XL-N","Soportes de chumacera","82.432485","1051.01","2102.03","INA"
"009627340-0000","PCJ40-XL-N-FA125","Soportes de chumacera","118.15672500000001","1506.5","3013","INA"
"094569983-0000","PCJ45-XL","Soportes de chumacera","98.25664499999999","1252.77","2505.54","INA"
"003507530-0000","PCJ45-XL-FA125-I","Soportes de chumacera","156.71313","1998.09","3996.18","INA"
"000940089-0000","PCJ45-XL-I","Soportes de chumacera","98.25664499999999","1252.77","2505.54","INA"
"009641025-0000","PCJ50-XL-N","Soportes de chumacera","110.85903000000003","1413.45","2826.91","INA"
"094731195-0000","PCJ55-XL","Soportes de chumacera","144.54531","1842.95","3685.91","INA"
"000975664-0000","PCJ55-XL-I","Soportes de chumacera","144.54531","1842.95","3685.91","INA"
"009641050-0000","PCJ60-XL-N-I","Soportes de chumacera","177.00282","2256.79","4513.57","INA"
"000853402-0000","PCJT15-XL","Soportes de chumacera","43.29166500000001","551.97","1103.94","INA"
"000858250-0000","PCJT17-XL","Soportes de chumacera","43.29166500000001","551.97","1103.94","INA"
"009643613-0000","PCJT20-XL-N","Soportes de chumacera","44.655300000000004","569.36","1138.71","INA"
"009627910-0000","PCJT20-XL-N-FA125","Soportes de chumacera","68.196735","869.51","1739.02","INA"
"009643680-0000","PCJT25-XL-N","Soportes de chumacera","50.454495000000016","643.29","1286.59","INA"
"009627995-0000","PCJT25-XL-N-FA125","Soportes de chumacera","74.74518000000002","953","1906","INA"
"009643729-0000","PCJT30-XL-N","Soportes de chumacera","60.10483500000001","766.34","1532.67","INA"
"096953098-0000","PCJT30-XL-N-SSA","Soportes de chumacera","67.46247000000002","860.15","1720.29","INA"
"009643753-0000","PCJT35-XL-N","Soportes de chumacera","70.62430500000002","900.46","1800.92","INA"
"009628657-0000","PCJT35-XL-N-FA125","Soportes de chumacera","125.04982500000001","1594.39","3188.77","INA"
"009643796-0000","PCJT40-XL-N","Soportes de chumacera","82.432485","1051.01","2102.03","INA"
"009628673-0000","PCJT40-XL-N-FA125","Soportes de chumacera","118.15672500000001","1506.5","3013","INA"
"094571732-0000","PCJT45-XL","Soportes de chumacera","100.68421500000002","1283.72","2567.45","INA"
"000883069-0000","PCJT45-XL-I","Soportes de chumacera","100.68421500000002","1283.72","2567.45","INA"
"094571040-0000","PCJT50-XL-N","Soportes de chumacera","112.44744000000003","1433.7","2867.41","INA"
"009643826-0000","PCJT50-XL-N-I","Soportes de chumacera","112.44744000000003","1433.7","2867.41","INA"
"000978116-0000","PCJT55-XL","Soportes de chumacera","144.54531","1842.95","3685.91","INA"
"009643842-0000","PCJT60-XL-N-I","Soportes de chumacera","182.68213500000002","2329.2","4658.39","INA"
"000939552-0000","PCJTY15-XL","Soportes de chumacera","39.455505","503.06","1006.12","INA"
"000954322-0000","PCJTY17-XL","Soportes de chumacera","39.455505","503.06","1006.12","INA"
"000948292-0000","PCJTY20-XL-N","Soportes de chumacera","39.455505","503.06","1006.12","INA"
"000950939-0000","PCJTY25-XL-N","Soportes de chumacera","46.69326000000001","595.34","1190.68","INA"
"000950319-0000","PCJTY30-XL-N","Soportes de chumacera","56.28366000000002","717.62","1435.23","INA"
"096953063-0000","PCJTY30-XL-N-SSA","Soportes de chumacera","62.847090000000016","801.3","1602.6","INA"
"000950920-0000","PCJTY35-XL-N","Soportes de chumacera","65.529405","835.5","1671","INA"
"000950955-0000","PCJTY40-XL-N","Soportes de chumacera","75.68923500000001","965.04","1930.08","INA"
"000949272-0000","PCJTY45-XL-I","Soportes de chumacera","86.478435","1102.6","2205.2","INA"
"000949256-0000","PCJTY60-XL-N-I","Soportes de chumacera","169.33050000000006","2158.96","4317.93","INA"
"050686810-0000","PCJTZY50","Soportes de chumacera","161.613225","2060.57","4121.14","INA"
"000951277-0000","PCJY20-XL-N","Soportes de chumacera","39.455505","503.06","1006.12","INA"
"000951269-0000","PCJY25-XL-N","Soportes de chumacera","46.69326000000001","595.34","1190.68","INA"
"000905003-0000","PCJY30-XL-N","Soportes de chumacera","56.28366000000002","717.62","1435.23","INA"
"096953772-0000","PCJY30-XL-N-SSA","Soportes de chumacera","61.22871000000001","780.67","1561.33","INA"
"000951250-0000","PCJY35-XL-N","Soportes de chumacera","65.529405","835.5","1671","INA"
"000950297-0000","PCJY40-XL-N","Soportes de chumacera","75.68923500000001","965.04","1930.08","INA"
"000949183-0000","PCJY45-XL-I","Soportes de chumacera","86.478435","1102.6","2205.2","INA"
"000949159-0000","PCJY50-XL-N","Soportes de chumacera","100.68421500000002","1283.72","2567.45","INA"
"000949175-0000","PCJY60-XL-N-I","Soportes de chumacera","169.33050000000006","2158.96","4317.93","INA"
"009643451-0000","PME20-XL-N","Soportes de chumacera","54.245700000000014","691.63","1383.27","INA"
"009643460-0000","PME25-XL-N","Soportes de chumacera","61.078860000000006","778.76","1557.51","INA"
"007443099-0000","PME30-XL-N","Soportes de chumacera","73.321605","934.85","1869.7","INA"
"009643702-0000","PME35-XL-N","Soportes de chumacera","84.83008500000003","1081.58","2163.17","INA"
"009643761-0000","PME40-XL-N","Soportes de chumacera","100.27962000000001","1278.57","2557.13","INA"
"000941239-0000","PME45-XL","Soportes de chumacera","119.35552500000003","1521.78","3043.57","INA"
"009643800-0000","PME50-XL-N","Soportes de chumacera","128.30157000000003","1635.85","3271.69","INA"
"000983195-0000","PME55-XL","Soportes de chumacera","156.71313","1998.09","3996.18","INA"
"009644202-0000","PME60-XL-N","Soportes de chumacera","199.33047000000008","2541.46","5082.93","INA"
"000942588-0000","PMEY20-XL-N","Soportes de chumacera","47.742210000000014","608.71","1217.43","INA"
"000947032-0000","PMEY25-XL-N","Soportes de chumacera","56.478465000000014","720.1","1440.2","INA"
"000952702-0000","PMEY30-XL-N","Soportes de chumacera","68.63130000000001","875.05","1750.1","INA"
"000964417-0000","PMEY35-XL-N","Soportes de chumacera","78.52140000000001","1001.15","2002.3","INA"
"000940038-0000","PMEY40-XL-N","Soportes de chumacera","92.172735","1175.2","2350.4","INA"
"000949094-0000","PMEY45-XL","Soportes de chumacera","104.760135","1335.69","2671.38","INA"
"000949108-0000","PMEY50-XL-N","Soportes de chumacera","116.538345","1485.86","2971.73","INA"
"000949116-0000","PMEY60-XL-N","Soportes de chumacera","187.98682500000004","2396.83","4793.66","INA"
"000830968-0000","PSHE12-XL","Soportes de chumacera","49.27068000000002","628.2","1256.4","INA"
"000830976-0000","PSHE15-XL","Soportes de chumacera","49.27068000000002","628.2","1256.4","INA"
"000830984-0000","PSHE17-XL","Soportes de chumacera","49.27068000000002","628.2","1256.4","INA"
"009644709-0000","PSHE20-XL-N","Soportes de chumacera","51.593354999999995","657.82","1315.63","INA"
"009644733-0000","PSHE25-XL-N","Soportes de chumacera","59.04090000000001","752.77","1505.54","INA"
"094291268-0000","PSHE30-XL-N","Soportes de chumacera","71.95797000000002","917.46","1834.93","INA"
"009644784-0000","PSHE30-XL-N-I","Soportes de chumacera","71.95797000000002","917.46","1834.93","INA"
"094611807-0000","PSHE35-XL-N","Soportes de chumacera","84.83008500000003","1081.58","2163.17","INA"
"009644806-0000","PSHE35-XL-N-I","Soportes de chumacera","84.83008500000003","1081.58","2163.17","INA"
"094570019-0000","PSHE40-XL-N","Soportes de chumacera","100.27962000000001","1278.57","2557.13","INA"
"009644822-0000","PSHE40-XL-N-I","Soportes de chumacera","100.27962000000001","1278.57","2557.13","INA"
"000831050-0000","PSHE45-XL","Soportes de chumacera","118.15672500000001","1506.5","3013","INA"
"009644865-0000","PSHE50-XL-N","Soportes de chumacera","129.09577500000003","1645.97","3291.94","INA"
"000983187-0000","PSHE55-XL","Soportes de chumacera","156.71313","1998.09","3996.18","INA"
"094731411-0000","PSHE60-XL-N","Soportes de chumacera","201.33846000000005","2567.07","5134.13","INA"
"009644881-0000","PSHE60-XL-N-I","Soportes de chumacera","201.33846000000005","2567.07","5134.13","INA"
"000888745-0000","PSHEY20-XL-N","Soportes de chumacera","45.5544","580.82","1161.64","INA"
"000891533-0000","PSHEY25-XL-N","Soportes de chumacera","54.380565000000004","693.35","1386.7","INA"
"094578494-0000","PSHEY30-XL-N","Soportes de chumacera","67.057875","854.99","1709.98","INA"
"000891541-0000","PSHEY30-XL-N-I","Soportes de chumacera","67.057875","854.99","1709.98","INA"
"094714568-0000","PSHEY35-XL-N","Soportes de chumacera","78.52140000000001","1001.15","2002.3","INA"
"000893757-0000","PSHEY35-XL-N-I","Soportes de chumacera","78.52140000000001","1001.15","2002.3","INA"
"094716447-0000","PSHEY40-XL-N","Soportes de chumacera","92.172735","1175.2","2350.4","INA"
"000893889-0000","PSHEY40-XL-N-I","Soportes de chumacera","92.172735","1175.2","2350.4","INA"
"000949035-0000","PSHEY50-XL-N","Soportes de chumacera","116.538345","1485.86","2971.73","INA"
"000859710-0000","RAE12-XL-NPP-FA106","Soportes de chumacera","27.377595000000003","349.06","698.13","INA"
"000850144-0000","RAE15-NPP","Soportes de chumacera","27.377595000000003","349.06","698.13","INA"
"000849707-0000","RAE15-XL-NPP-B","Soportes de chumacera","27.377595000000003","349.06","698.13","INA"
"000843180-0000","RAE15-XL-NPP-FA106","Soportes de chumacera","27.377595000000003","349.06","698.13","INA"
"000849758-0000","RAE17-XL-NPP-B","Soportes de chumacera","27.377595000000003","349.06","698.13","INA"
"000843210-0000","RAE17-XL-NPP-FA106","Soportes de chumacera","27.377595000000003","349.06","698.13","INA"
"000850209-0000","RAE20-XL-NPP","Soportes de chumacera","30.104865000000004","383.84","767.67","INA"
"000849790-0000","RAE20-XL-NPP-B","Soportes de chumacera","30.104865000000004","383.84","767.67","INA"
"000842974-0000","RAE20-XL-NPP-FA106","Soportes de chumacera","29.835135000000005","380.4","760.8","INA"
"000973122-0000","RAE20-XL-NPP-NR","Soportes de chumacera","35.01994500000001","446.5","893.01","INA"
"000850241-0000","RAE25-XL-NPP","Soportes de chumacera","32.187780000000004","410.39","820.79","INA"
"000849847-0000","RAE25-XL-NPP-B","Soportes de chumacera","32.187780000000004","410.39","820.79","INA"
"000843040-0000","RAE25-XL-NPP-FA106","Soportes de chumacera","32.187780000000004","410.39","820.79","INA"
"000973130-0000","RAE25-XL-NPP-NR","Soportes de chumacera","39.35061000000001","501.72","1003.44","INA"
"000849898-0000","RAE30-XL-NPP-B","Soportes de chumacera","38.46649500000001","490.45","980.9","INA"
"000843113-0000","RAE30-XL-NPP-FA106","Soportes de chumacera","38.46649500000001","490.45","980.9","INA"
"000973165-0000","RAE30-XL-NPP-NR","Soportes de chumacera","48.431520000000006","617.5","1235","INA"
"000849960-0000","RAE35-XL-NPP-B","Soportes de chumacera","47.007945","599.35","1198.7","INA"
"000843172-0000","RAE35-XL-NPP-FA106","Soportes de chumacera","47.007945","599.35","1198.7","INA"
"000973246-0000","RAE35-XL-NPP-NR","Soportes de chumacera","57.72222000000002","735.96","1471.92","INA"
"000850020-0000","RAE40-XL-NPP-B","Soportes de chumacera","57.21273000000001","729.46","1458.92","INA"
"000843229-0000","RAE40-XL-NPP-FA106","Soportes de chumacera","56.61333000000002","721.82","1443.64","INA"
"000973203-0000","RAE40-XL-NPP-NR","Soportes de chumacera","72.49743000000002","924.34","1848.68","INA"
"000843245-0000","RAE45-XL-NPP-FA106","Soportes de chumacera","68.48145000000002","873.14","1746.28","INA"
"000850063-0000","RAE50-XL-NPP-B","Soportes de chumacera","73.84608000000001","941.54","1883.08","INA"
"000843253-0000","RAE50-XL-NPP-FA106","Soportes de chumacera","73.27665000000002","934.28","1868.55","INA"
"000877344-0000","RAE60-XL-NPP","Soportes de chumacera","120.17970000000001","1532.29","3064.58","INA"
"000817090-0000","RALE20-XL-NPP-B","Soportes de chumacera","28.966005","369.32","738.63","INA"
"000843288-0000","RALE20-XL-NPP-FA106","Soportes de chumacera","28.681290000000004","365.69","731.37","INA"
"000817759-0000","RALE25-XL-NPP","Soportes de chumacera","30.779190000000003","392.43","784.87","INA"
"000817643-0000","RALE25-XL-NPP-B","Soportes de chumacera","31.153815000000005","397.21","794.42","INA"
"000818437-0000","RALE30-XL-NPP-B","Soportes de chumacera","37.417545000000004","477.07","954.15","INA"
"000843342-0000","RALE30-XL-NPP-FA106","Soportes de chumacera","36.99796500000001","471.72","943.45","INA"
"009642633-0000","RASE20-XL-N","Soportes de chumacera","51.18876","652.66","1305.31","INA"
"009642676-0000","RASE25-XL-N","Soportes de chumacera","56.478465000000014","720.1","1440.2","INA"
"094291160-0000","RASE30-XL-N","Soportes de chumacera","68.63130000000001","875.05","1750.1","INA"
"009642706-0000","RASE30-XL-N-I","Soportes de chumacera","68.63130000000001","875.05","1750.1","INA"
"094613028-0000","RASE35-XL-N","Soportes de chumacera","79.90002000000001","1018.73","2037.45","INA"
"009642730-0000","RASE35-XL-N-I","Soportes de chumacera","79.90002000000001","1018.73","2037.45","INA"
"094570043-0000","RASE40-XL-N","Soportes de chumacera","91.72318500000002","1169.47","2338.94","INA"
"009642790-0000","RASE40-XL-N-I","Soportes de chumacera","91.72318500000002","1169.47","2338.94","INA"
"000830704-0000","RASE45-XL","Soportes de chumacera","111.65323500000004","1423.58","2847.16","INA"
"094569975-0000","RASE50-XL-N","Soportes de chumacera","122.18769000000005","1557.89","3115.79","INA"
"009642820-0000","RASE50-XL-N-I","Soportes de chumacera","122.18769000000005","1557.89","3115.79","INA"
"000939463-0000","RASE55-XL","Soportes de chumacera","159.964875","2039.55","4079.1","INA"
"094570000-0000","RASE60-XL-N","Soportes de chumacera","199.765035","2547","5094.01","INA"
"009642838-0000","RASE60-XL-N-I","Soportes de chumacera","199.765035","2547","5094.01","INA"
"000877468-0000","RASE65-214-XL-I","Soportes de chumacera","346.73791500000004","4420.91","8841.82","INA"
"094571031-0000","RASE70-XL","Soportes de chumacera","343.06659","4374.1","8748.2","INA"
"000898414-0000","RASE70-XL-FA164-I","Soportes de chumacera","374.1454800000001","4770.35","9540.71","INA"
"000877476-0000","RASE70-XL-I","Soportes de chumacera","343.06659","4374.1","8748.2","INA"
"000877484-0000","RASE75-XL","Soportes de chumacera","423.8507250000001","5404.1","10808.19","INA"
"094571074-0000","RASE80-XL","Soportes de chumacera","471.7577700000001","6014.91","12029.82","INA"
"000830771-0000","RASE80-XL-I","Soportes de chumacera","471.7577700000001","6014.91","12029.82","INA"
"000952605-0000","RASEA25-XL-N","Soportes de chumacera","80.40951","1025.22","2050.44","INA"
"000971758-0000","RASEA30-XL-N-I","Soportes de chumacera","95.01988500000002","1211.5","2423.01","INA"
"094665800-0000","RASEA40-XL-N","Soportes de chumacera","125.48439000000002","1599.93","3199.85","INA"
"000955515-0000","RASEA40-XL-N-I","Soportes de chumacera","125.48439000000002","1599.93","3199.85","INA"
"094716285-0000","RASEL40-XL-N","Soportes de chumacera","107.65224000000002","1372.57","2745.13","INA"
"000848735-0000","RASEL45-XL","Soportes de chumacera","131.56830000000002","1677.5","3354.99","INA"
"094747989-0000","RASEL50-XL-N","Soportes de chumacera","146.20864500000002","1864.16","3728.32","INA"
"000848743-0000","RASEL50-XL-N-I","Soportes de chumacera","150.224625","1915.36","3830.73","INA"
"000848786-0000","RASEL70-XL-I","Soportes de chumacera","385.68393000000003","4917.47","9834.94","INA"
"054400368-0000","RASEY1-11/16-HLC","Soportes de chumacera","91.70820000000003","1169.28","2338.56","INA"
"054400376-0000","RASEY1-15/16-N-HLC","Soportes de chumacera","105.01488","1338.94","2677.88","INA"
"000973319-0000","RASEY15-XL","Soportes de chumacera","41.613345","530.57","1061.14","INA"
"000858285-0000","RASEY20-XL-N","Soportes de chumacera","40.399560000000015","515.09","1030.19","INA"
"000858293-0000","RASEY25-XL-N","Soportes de chumacera","47.742210000000014","608.71","1217.43","INA"
"094513112-0000","RASEY30-XL-N","Soportes de chumacera","57.49744500000001","733.09","1466.18","INA"
"000872091-0000","RASEY30-XL-N-I","Soportes de chumacera","57.49744500000001","733.09","1466.18","INA"
"094521794-0000","RASEY35-XL-N","Soportes de chumacera","67.25268000000003","857.47","1714.94","INA"
"000858307-0000","RASEY35-XL-N-I","Soportes de chumacera","67.25268000000003","857.47","1714.94","INA"
"094493197-0000","RASEY40-XL-N","Soportes de chumacera","77.68224000000001","990.45","1980.9","INA"
"000858315-0000","RASEY40-XL-N-I","Soportes de chumacera","77.68224000000001","990.45","1980.9","INA"
"000858595-0000","RASEY45-XL","Soportes de chumacera","88.51639500000002","1128.58","2257.17","INA"
"094569967-0000","RASEY50-XL-N","Soportes de chumacera","103.53136500000002","1320.02","2640.05","INA"
"000858323-0000","RASEY50-XL-N-I","Soportes de chumacera","103.53136500000002","1320.02","2640.05","INA"
"000947571-0000","RASEY55-XL","Soportes de chumacera","135.19467","1723.73","3447.46","INA"
"094571066-0000","RASEY60-XL-N","Soportes de chumacera","170.46936000000002","2173.48","4346.97","INA"
"000947768-0000","RASEY60-XL-N-I","Soportes de chumacera","170.46936000000002","2173.48","4346.97","INA"
"000948136-0000","RASEY65-214-XL-I","Soportes de chumacera","281.253465","3585.98","7171.96","INA"
"000948144-0000","RASEY70-XL-I","Soportes de chumacera","318.7009800000001","4063.44","8126.87","INA"
"000948152-0000","RASEY75-XL","Soportes de chumacera","354.4252200000001","4518.92","9037.84","INA"
"094941211-0000","RASEY80-XL","Soportes de chumacera","417.3172650000001","5320.8","10641.59","INA"
"000959596-0000","RASEY80-XL-I","Soportes de chumacera","417.3172650000001","5320.8","10641.59","INA"
"000988030-0000","RASEY90-XL","Soportes de chumacera","500.70879","6384.04","12768.07","INA"
"009641130-0000","RCJ20-XL-N","Soportes de chumacera","54.365580000000016","693.16","1386.32","INA"
"009642137-0000","RCJ25-XL-N","Soportes de chumacera","58.336605000000006","743.79","1487.58","INA"
"009642188-0000","RCJ30-XL-N","Soportes de chumacera","70.57935000000002","899.89","1799.77","INA"
"096952369-0000","RCJ30-XL-N-SSA","Soportes de chumacera","75.80911500000002","966.57","1933.13","INA"
"009642234-0000","RCJ35-XL-N","Soportes de chumacera","81.98293500000001","1045.28","2090.56","INA"
"009642293-0000","RCJ40-XL-N","Soportes de chumacera","93.40150500000003","1190.87","2381.74","INA"
"094571341-0000","RCJ45-XL","Soportes de chumacera","111.65323500000004","1423.58","2847.16","INA"
"000831123-0000","RCJ45-XL-I","Soportes de chumacera","111.65323500000004","1423.58","2847.16","INA"
"009642323-0000","RCJ50-XL-N","Soportes de chumacera","124.66021500000002","1589.42","3178.84","INA"
"000831158-0000","RCJ55-XL-I","Soportes de chumacera","159.964875","2039.55","4079.1","INA"
"009642358-0000","RCJ60-XL-N-I","Soportes de chumacera","203.82597000000004","2598.78","5197.56","INA"
"000877492-0000","RCJ65-214-XL-I","Soportes de chumacera","346.73791500000004","4420.91","8841.82","INA"
"094571104-0000","RCJ70-XL","Soportes de chumacera","346.73791500000004","4420.91","8841.82","INA"
"000877506-0000","RCJ70-XL-I","Soportes de chumacera","346.73791500000004","4420.91","8841.82","INA"
"000877514-0000","RCJ75-XL","Soportes de chumacera","423.8507250000001","5404.1","10808.19","INA"
"094571392-0000","RCJ80-XL","Soportes de chumacera","476.64288000000005","6077.2","12154.39","INA"
"000831204-0000","RCJ80-XL-I","Soportes de chumacera","476.64288000000005","6077.2","12154.39","INA"
"000986038-0000","RCJA40-N","Soportes de chumacera","99.77013000000001","1272.07","2544.14","INA"
"000848972-0000","RCJL60-XL-N-I","Soportes de chumacera","248.90085000000005","3173.49","6346.97","INA"
"000946729-0000","RCJO50-XL","Soportes de chumacera","274.4502750000001","3499.24","6998.48","INA"
"000946737-0000","RCJO60-XL","Soportes de chumacera","395.4241800000001","5041.66","10083.32","INA"
"009644148-0000","RCJT20-XL-N","Soportes de chumacera","52.147800000000004","664.88","1329.77","INA"
"009644164-0000","RCJT25-XL-N","Soportes de chumacera","57.64729500000001","735","1470.01","INA"
"009644199-0000","RCJT30-XL-N","Soportes de chumacera","70.57935000000002","899.89","1799.77","INA"
"096953101-0000","RCJT30-XL-N-SSA","Soportes de chumacera","77.30761500000001","985.67","1971.34","INA"
"009644253-0000","RCJT35-XL-N","Soportes de chumacera","81.98293500000001","1045.28","2090.56","INA"
"009644270-0000","RCJT40-XL-N","Soportes de chumacera","93.40150500000003","1190.87","2381.74","INA"
"094731179-0000","RCJT45-XL","Soportes de chumacera","111.65323500000004","1423.58","2847.16","INA"
"000830895-0000","RCJT45-XL-I","Soportes de chumacera","111.65323500000004","1423.58","2847.16","INA"
"094571384-0000","RCJT50-XL-N","Soportes de chumacera","125.48439000000002","1599.93","3199.85","INA"
"009644350-0000","RCJT50-XL-N-I","Soportes de chumacera","125.48439000000002","1599.93","3199.85","INA"
"000884340-0000","RCJT55-XL","Soportes de chumacera","159.964875","2039.55","4079.1","INA"
"009644377-0000","RCJT60-XL-N-I","Soportes de chumacera","205.84894500000004","2624.57","5249.15","INA"
"000877425-0000","RCJT65-214-XL","Soportes de chumacera","346.73791500000004","4420.91","8841.82","INA"
"000877433-0000","RCJT70-XL","Soportes de chumacera","346.73791500000004","4420.91","8841.82","INA"
"000877441-0000","RCJT75-XL","Soportes de chumacera","423.8507250000001","5404.1","10808.19","INA"
"000970050-0000","RCJTA30-XL-N","Soportes de chumacera","95.01988500000002","1211.5","2423.01","INA"
"096953411-0000","RCJTA30-XL-N-SSA","Soportes de chumacera","100.33956","1279.33","2558.66","INA"
"000973793-0000","RCJTA35-XL-N","Soportes de chumacera","112.44744000000003","1433.7","2867.41","INA"
"000849049-0000","RCJTL45-I","Soportes de chumacera","41.17878000000001","525.03","1050.06","INA"
"094571724-0000","RCJTL50-N-GA/14","Soportes de chumacera","131.043825","1670.81","3341.62","INA"
"054401640-0000","RCJTY1-1/4-N-HLC","Soportes de chumacera","73.27665000000002","934.28","1868.55","INA"
"000970751-0000","RCJTY15-XL","Soportes de chumacera","41.17878000000001","525.03","1050.06","INA"
"000858579-0000","RCJTY20-XL-N","Soportes de chumacera","40.399560000000015","515.09","1030.19","INA"
"000858587-0000","RCJTY25-XL-N","Soportes de chumacera","47.742210000000014","608.71","1217.43","INA"
"000868779-0000","RCJTY30-XL-N","Soportes de chumacera","57.49744500000001","733.09","1466.18","INA"
"096953071-0000","RCJTY30-XL-N-SSA","Soportes de chumacera","60.704235000000004","773.98","1547.96","INA"
"000868787-0000","RCJTY35-XL-N","Soportes de chumacera","67.25268000000003","857.47","1714.94","INA"
"000864544-0000","RCJTY40-XL-N","Soportes de chumacera","77.68224000000001","990.45","1980.9","INA"
"051763435-0000","RCJTY45-TV-VA-HLA","Soportes de chumacera","162.30253500000003","2069.36","4138.71","INA"
"000875619-0000","RCJTY45-XL-I","Soportes de chumacera","90.55435500000003","1154.57","2309.14","INA"
"094730172-0000","RCJTY50-XL-N","Soportes de chumacera","105.19470000000003","1341.23","2682.46","INA"
"000864560-0000","RCJTY50-XL-N-I","Soportes de chumacera","105.19470000000003","1341.23","2682.46","INA"
"000950947-0000","RCJTY55-XL","Soportes de chumacera","138.43143","1765","3530","INA"
"000950351-0000","RCJTY60-XL-N-I","Soportes de chumacera","175.77405","2241.12","4482.24","INA"
"000949442-0000","RCJTY65-214-XL","Soportes de chumacera","321.93774","4104.71","8209.41","INA"
"000938769-0000","RCJTY70-XL","Soportes de chumacera","321.93774","4104.71","8209.41","INA"
"000831662-0000","RCJTZ20-XL","Soportes de chumacera","66.17376","843.72","1687.43","INA"
"094286060-0000","RCJTZ25-XL","Soportes de chumacera","74.44548","949.18","1898.36","INA"
"000831670-0000","RCJTZ25-XL-I","Soportes de chumacera","74.44548","949.18","1898.36","INA"
"000831689-0000","RCJTZ30-XL","Soportes de chumacera","88.51639500000002","1128.58","2257.17","INA"
"000831697-0000","RCJTZ35-XL","Soportes de chumacera","103.53136500000002","1320.02","2640.05","INA"
"094611793-0000","RCJTZ40-XL","Soportes de chumacera","116.538345","1485.86","2971.73","INA"
"000829994-0000","RCJTZ40-XL-I","Soportes de chumacera","116.538345","1485.86","2971.73","INA"
"094730180-0000","RCJTZ45-XL","Soportes de chumacera","135.59926500000003","1728.89","3457.78","INA"
"000831719-0000","RCJTZ45-XL-I","Soportes de chumacera","135.59926500000003","1728.89","3457.78","INA"
"000831727-0000","RCJTZ50-XL","Soportes de chumacera","147.797055","1884.41","3768.82","INA"
"000831735-0000","RCJTZ60-XL-I","Soportes de chumacera","223.30647000000008","2847.16","5694.31","INA"
"000973343-0000","RCJY15-XL","Soportes de chumacera","41.613345","530.57","1061.14","INA"
"000858390-0000","RCJY20-XL-N","Soportes de chumacera","40.399560000000015","515.09","1030.19","INA"
"000867446-0000","RCJY25-XL-N","Soportes de chumacera","47.742210000000014","608.71","1217.43","INA"
"000864552-0000","RCJY30-XL-N","Soportes de chumacera","57.49744500000001","733.09","1466.18","INA"
"096952334-0000","RCJY30-XL-N-SSA","Soportes de chumacera","57.497445","733.09","1466.18","INA"
"000858412-0000","RCJY35-XL-N","Soportes de chumacera","67.25268000000003","857.47","1714.94","INA"
"000858420-0000","RCJY40-XL-N","Soportes de chumacera","77.68224000000001","990.45","1980.9","INA"
"000873799-0000","RCJY45-XL-I","Soportes de chumacera","88.51639500000002","1128.58","2257.17","INA"
"000936170-0000","RCJY50-XL-N","Soportes de chumacera","103.53136500000002","1320.02","2640.05","INA"
"000947598-0000","RCJY55-XL-I","Soportes de chumacera","137.217645","1749.52","3499.05","INA"
"094569991-0000","RCJY60-XL-N","Soportes de chumacera","170.46936000000002","2173.48","4346.97","INA"
"000949140-0000","RCJY60-XL-N-I","Soportes de chumacera","170.46936000000002","2173.48","4346.97","INA"
"000949132-0000","RCJY65-214-XL-I","Soportes de chumacera","321.93774","4104.71","8209.41","INA"
"000947393-0000","RCJY70-XL-I","Soportes de chumacera","318.7009800000001","4063.44","8126.87","INA"
"000949124-0000","RCJY75-XL","Soportes de chumacera","358.0815600000001","4565.54","9131.08","INA"
"094571716-0000","RCJY80-XL","Soportes de chumacera","417.3172650000001","5320.8","10641.59","INA"
"000959618-0000","RCJY80-XL-I","Soportes de chumacera","417.3172650000001","5320.8","10641.59","INA"
"000831220-0000","RSHE17-XL","Soportes de chumacera","57.21273000000001","729.46","1458.92","INA"
"009645098-0000","RSHE20-XL-N","Soportes de chumacera","58.20174000000001","742.07","1484.14","INA"
"009645128-0000","RSHE25-XL-N","Soportes de chumacera","66.00892500000002","841.61","1683.23","INA"
"094555621-0000","RSHE30-XL-N","Soportes de chumacera","81.18873","1035.16","2070.31","INA"
"009645144-0000","RSHE30-XL-N-I","Soportes de chumacera","81.18873","1035.16","2070.31","INA"
"094716439-0000","RSHE35-XL-N","Soportes de chumacera","95.42448000000003","1216.66","2433.32","INA"
"009645160-0000","RSHE35-XL-N-I","Soportes de chumacera","95.42448000000003","1216.66","2433.32","INA"
"094570027-0000","RSHE40-XL-N","Soportes de chumacera","110.85903000000003","1413.45","2826.91","INA"
"009645187-0000","RSHE40-XL-N-I","Soportes de chumacera","110.85903000000003","1413.45","2826.91","INA"
"000831433-0000","RSHE45-XL","Soportes de chumacera","129.53034000000002","1651.51","3303.02","INA"
"009645217-0000","RSHE50-XL-N","Soportes de chumacera","140.84401499999998","1795.76","3591.52","INA"
"000831468-0000","RSHE55-XL","Soportes de chumacera","171.69813000000002","2189.15","4378.3","INA"
"094731497-0000","RSHE60-XL-N","Soportes de chumacera","224.08569","2857.09","5714.19","INA"
"009645233-0000","RSHE60-XL-N-I","Soportes de chumacera","224.08569","2857.09","5714.19","INA"
"000973807-0000","RSHEA30-N-I","Soportes de chumacera","129.904965","1656.29","3312.58","INA"
"000929484-0000","RSHEY20-XL-N","Soportes de chumacera","47.26269000000001","602.6","1205.2","INA"
"000863564-0000","RSHEY25-XL-N","Soportes de chumacera","56.17876500000001","716.28","1432.56","INA"
"000864579-0000","RSHEY30-XL-N-I","Soportes de chumacera","69.39553500000002","884.79","1769.59","INA"
"000863459-0000","RSHEY35-XL-N-I","Soportes de chumacera","81.18873","1035.16","2070.31","INA"
"094687625-0000","RSHEY40-XL-N","Soportes de chumacera","95.42448000000003","1216.66","2433.32","INA"
"000934526-0000","RSHEY40-XL-N-I","Soportes de chumacera","95.42448000000003","1216.66","2433.32","INA"
"000914738-0000","RSHEY45-XL","Soportes de chumacera","108.40149000000004","1382.12","2764.24","INA"
"076708888-0000","UC201","Chumaceras UC/UK","10.033290000000001","127.92","255.85","FAG"
"076709191-0000","UC201-08","Chumaceras UC/UK","10.033290000000001","127.92","255.85","FAG"
"076722643-0000","UC202","Chumaceras UC/UK","10.377945000000002","132.32","264.64","FAG"
"076722686-0000","UC202-09","Chumaceras UC/UK","10.377945000000002","132.32","264.64","FAG"
"076722740-0000","UC202-10","Chumaceras UC/UK","10.377945000000002","132.32","264.64","FAG"
"076722538-0000","UC203","Chumaceras UC/UK","10.556655","134.6","269.19","FAG"
"076722570-0000","UC203-11","Chumaceras UC/UK","10.556655","134.6","269.19","FAG"
"069175705-0000","UC204","Chumaceras UC/UK","10.837485","138.18","276.36","FAG"
"069314020-0000","UC204-12","Chumaceras UC/UK","10.837485","138.18","276.36","FAG"
"069320160-0000","UC205","Chumaceras UC/UK","11.118315000000003","141.76","283.52","FAG"
"070289760-0000","UC205-13","Chumaceras UC/UK","11.118315000000003","141.76","283.52","FAG"
"070297622-0000","UC205-14","Chumaceras UC/UK","11.118315000000003","141.76","283.52","FAG"
"070299285-0000","UC205-15","Chumaceras UC/UK","11.118315000000003","141.76","283.52","FAG"
"069320187-0000","UC205-16","Chumaceras UC/UK","11.118315000000003","141.76","283.52","FAG"
"069337497-0000","UC206","Chumaceras UC/UK","11.360850000000001","144.85","289.7","FAG"
"070299617-0000","UC206-17","Chumaceras UC/UK","11.360850000000001","144.85","289.7","FAG"
"069337500-0000","UC206-18","Chumaceras UC/UK","11.360850000000001","144.85","289.7","FAG"
"070299765-0000","UC206-19","Chumaceras UC/UK","11.360850000000001","144.85","289.7","FAG"
"070299820-0000","UC206-20","Chumaceras UC/UK","11.360850000000001","144.85","289.7","FAG"
"069344035-0000","UC207","Chumaceras UC/UK","12.139515","154.78","309.56","FAG"
"069344205-0000","UC207-20","Chumaceras UC/UK","13.73514","175.12","350.25","FAG"
"070299846-0000","UC207-21","Chumaceras UC/UK","13.73514","175.12","350.25","FAG"
"070300704-0000","UC207-22","Chumaceras UC/UK","13.73514","175.12","350.25","FAG"
"070300666-0000","UC207-23","Chumaceras UC/UK","13.73514","175.12","350.25","FAG"
"069365806-0000","UC208","Chumaceras UC/UK","14.01597","178.7","357.41","FAG"
"069365881-0000","UC208-24","Chumaceras UC/UK","15.26694","194.65","389.31","FAG"
"070300518-0000","UC208-25","Chumaceras UC/UK","15.26694","194.65","389.31","FAG"
"069371415-0000","UC209","Chumaceras UC/UK","17.628465","224.76","449.53","FAG"
"070300224-0000","UC209-26","Chumaceras UC/UK","17.628465","224.76","449.53","FAG"
"070300160-0000","UC209-27","Chumaceras UC/UK","17.628465","224.76","449.53","FAG"
"069371440-0000","UC209-28","Chumaceras UC/UK","17.628465","224.76","449.53","FAG"
"069373540-0000","UC210","Chumaceras UC/UK","17.934825","228.67","457.34","FAG"
"069373663-0000","UC210-30","Chumaceras UC/UK","17.934825","228.67","457.34","FAG"
"070299960-0000","UC210-31","Chumaceras UC/UK","17.934825","228.67","457.34","FAG"
"070299838-0000","UC210-32","Chumaceras UC/UK","17.934825","228.67","457.34","FAG"
"069376816-0000","UC211","Chumaceras UC/UK","21.534555000000005","274.57","549.13","FAG"
"069376867-0000","UC211-32","Chumaceras UC/UK","21.534555000000005","274.57","549.13","FAG"
"070299790-0000","UC211-33","Chumaceras UC/UK","21.534555000000005","274.57","549.13","FAG"
"070299633-0000","UC211-34","Chumaceras UC/UK","21.534555000000005","274.57","549.13","FAG"
"070299579-0000","UC211-35","Chumaceras UC/UK","21.534555000000005","274.57","549.13","FAG"
"069379106-0000","UC212","Chumaceras UC/UK","26.436315","337.06","674.13","FAG"
"069379114-0000","UC212-36","Chumaceras UC/UK","26.436315","337.06","674.13","FAG"
"070299307-0000","UC212-37","Chumaceras UC/UK","26.436315","337.06","674.13","FAG"
"070299269-0000","UC212-38","Chumaceras UC/UK","26.436315","337.06","674.13","FAG"
"070299080-0000","UC212-39","Chumaceras UC/UK","26.436315","337.06","674.13","FAG"
"076750043-0000","UC213","Chumaceras UC/UK","27.789405000000002","354.31","708.63","FAG"
"076750329-0000","UC213-40","Chumaceras UC/UK","27.789405000000002","354.31","708.63","FAG"
"076750558-0000","UC213-41","Chumaceras UC/UK","27.789405000000002","354.31","708.63","FAG"
"076899829-0000","UC214","Chumaceras UC/UK","29.270145","373.19","746.39","FAG"
"077667077-0000","UC214-42","Chumaceras UC/UK","29.270145","373.19","746.39","FAG"
"076900568-0000","UC214-43","Chumaceras UC/UK","29.270145","373.19","746.39","FAG"
"076900630-0000","UC214-44","Chumaceras UC/UK","29.270145","373.19","746.39","FAG"
"076900274-0000","UC215","Chumaceras UC/UK","30.96789","394.84","789.68","FAG"
"076970558-0000","UC215-45","Chumaceras UC/UK","30.96789","394.84","789.68","FAG"
"076971066-0000","UC215-46","Chumaceras UC/UK","30.96789","394.84","789.68","FAG"
"076902757-0000","UC215-47","Chumaceras UC/UK","30.96789","394.84","789.68","FAG"
"076971155-0000","UC215-48","Chumaceras UC/UK","30.96789","394.84","789.68","FAG"
"077035925-0000","UC216","Chumaceras UC/UK","32.57628","415.35","830.7","FAG"
"077667484-0000","UC216-49","Chumaceras UC/UK","32.57628","415.35","830.7","FAG"
"077036840-0000","UC216-50","Chumaceras UC/UK","32.57628","415.35","830.7","FAG"
"077037073-0000","UC216-51","Chumaceras UC/UK","32.57628","415.35","830.7","FAG"
"077345630-0000","UC217","Chumaceras UC/UK","34.376145","438.3","876.59","FAG"
"077345886-0000","UC217-52","Chumaceras UC/UK","34.376145","438.3","876.59","FAG"
"077378229-0000","UC217-53","Chumaceras UC/UK","34.376145","438.3","876.59","FAG"
"077378490-0000","UC217-55","Chumaceras UC/UK","34.376145","438.3","876.59","FAG"
"077426967-0000","UC218","Chumaceras UC/UK","35.933474999999994","458.15","916.3","FAG"
"077427009-0000","UC218-56","Chumaceras UC/UK","35.933474999999994","458.15","916.3","FAG"
"070578516-0000","UK205","Chumaceras UC/UK","12.318225","157.06","314.11","FAG"
"070579970-0000","UK206","Chumaceras UC/UK","14.883989999999999","189.77","379.54","FAG"
"070580049-0000","UK207","Chumaceras UC/UK","16.275375","207.51","415.02","FAG"
"070580057-0000","UK208","Chumaceras UC/UK","18.91773","241.2","482.4","FAG"
"070580170-0000","UK209","Chumaceras UC/UK","23.959905000000003","305.49","610.98","FAG"
"070580235-0000","UK210","Chumaceras UC/UK","32.24439","411.12","822.23","FAG"
"070549117-0000","UK211","Chumaceras UC/UK","34.503795000000004","439.92","879.85","FAG"
"070582742-0000","UK212","Chumaceras UC/UK","40.120395","511.54","1023.07","FAG"
"076762408-0000","UK213","Chumaceras UC/UK","50.03880000000001","637.99","1275.99","FAG"
"077004760-0000","UK215","Chumaceras UC/UK","78.64516499999999","1002.73","2005.45","FAG"
"077201787-0000","UK216","Chumaceras UC/UK","91.81864500000002","1170.69","2341.38","FAG"
"077426258-0000","UK217","Chumaceras UC/UK","109.84282499999999","1400.5","2800.99","FAG"
"077427483-0000","UK218","Chumaceras UC/UK","123.14395499999999","1570.09","3140.17","FAG"